ts_code,symbol,display_code,name,board,exchange,market_raw,sw_l1_code,sw_l1_name,sw_l2_code,sw_l2_name,sw_l2_display,list_status,list_date,list_age_days,list_age_years,close,pct_chg,chip_concentration_70,is_st,is_normal_listed,has_latest_quote,suspend_days_20,suspend_days_40,suspend_days_60,suspend_days_90,default_passed,default_reject_reasons
000004.SZ,000004,000004,国华退,主板,深市,主板,801750.SI,计算机,801104.SI,软件开发,软件开发,L,19901201,12998,35.59,0.45,9.756,200.0,False,True,True,12,32,37,37,False,近60日停牌
000010.SZ,000010,000010,*ST美丽,主板,深市,主板,801720.SI,建筑装饰,801723.SI,基础建设,基础建设,L,19951027,11207,30.68,1.87,-0.532,26.316,True,True,True,0,0,2,2,False,ST、近60日停牌
000016.SZ,000016,000016,*ST康佳A,主板,深市,主板,801110.SI,家用电器,801111.SI,白色家电,白色家电,L,19920327,12516,34.27,2.67,5.118,26.087,True,True,True,0,0,2,2,False,ST、近60日停牌
000056.SZ,000056,000056,*ST皇庭,主板,深市,主板,801180.SI,房地产,801183.SI,房地产服务,房地产服务,L,19960708,10952,29.98,2.24,2.752,30.0,True,True,True,0,0,2,2,False,ST、近60日停牌
000078.SZ,000078,000078,ST海王,主板,深市,主板,801150.SI,医药生物,801154.SI,医药商业,医药商业,L,19981218,10059,27.54,1.49,4.93,28.571,True,True,True,0,0,2,2,False,ST、近60日停牌
000430.SZ,000430,000430,张家界,主板,深市,主板,801210.SI,社会服务,801993.SI,旅游及景区,旅游及景区,L,19960829,10900,29.84,7.41,0.271,10.526,True,True,True,0,2,2,2,False,ST、近60日停牌
000488.SZ,000488,000488,ST晨鸣,主板,深市,主板,801140.SI,轻工制造,801143.SI,造纸,造纸,L,20001120,9356,25.62,2.07,4.02,33.333,True,True,True,0,0,0,0,False,ST
000504.SZ,000504,000504,南华生物,主板,深市,主板,801150.SI,医药生物,801156.SI,医疗服务,医疗服务,L,19921208,12260,33.57,7.98,3.368,26.19,False,True,True,2,2,2,2,False,近60日停牌
000518.SZ,000518,000518,四环生物,主板,深市,主板,801150.SI,医药生物,801152.SI,生物制品,生物制品,L,19930908,11986,32.82,3.46,2.671,9.091,False,True,True,0,2,2,2,False,近60日停牌
000524.SZ,000524,000524,岭南控股,主板,深市,主板,801210.SI,社会服务,801993.SI,旅游及景区,旅游及景区,L,19931118,11915,32.62,,,,False,True,False,8,8,8,8,False,近60日停牌、无最新行情
000552.SZ,000552,000552,甘肃能化,主板,深市,主板,801950.SI,煤炭,801951.SI,煤炭开采,煤炭开采,L,19940106,11866,32.49,2.36,0.855,18.519,False,True,True,0,0,9,11,False,近60日停牌
000595.SZ,000595,000595,宝塔实业,主板,深市,主板,801890.SI,机械设备,801072.SI,通用设备,通用设备,L,19960419,11032,30.2,6.24,10.053,27.692,False,True,True,2,2,2,2,False,近60日停牌
000608.SZ,000608,000608,阳光股份,主板,深市,主板,801180.SI,房地产,801181.SI,房地产开发,房地产开发,L,19960919,10879,29.79,5.96,-1.65,19.403,False,True,True,0,2,2,2,False,近60日停牌
000609.SZ,000609,000609,*ST中迪,主板,深市,主板,801180.SI,房地产,801181.SI,房地产开发,房地产开发,L,19961010,10858,29.73,12.92,-5.0,17.187,True,True,True,0,0,2,2,False,ST、近60日停牌
000610.SZ,000610,000610,*ST西旅,主板,深市,主板,801210.SI,社会服务,801993.SI,旅游及景区,旅游及景区,L,19960926,10872,29.77,6.06,1.508,10.714,True,True,True,0,0,2,2,False,ST、近60日停牌
000615.SZ,000615,000615,*ST美谷,主板,深市,主板,801980.SI,美容护理,801983.SI,医疗美容,医疗美容,L,19961016,10852,29.71,3.36,0.901,11.429,True,True,True,0,0,0,0,False,ST
000632.SZ,000632,000632,ST三木,主板,深市,主板,801230.SI,综合,801231.SI,综合Ⅱ,综合Ⅱ,L,19961121,10816,29.61,3.45,2.679,16.129,True,True,True,0,0,2,2,False,ST、近60日停牌
000639.SZ,000639,000639,ST西王,主板,深市,主板,801120.SI,食品饮料,801124.SI,食品加工,食品加工,L,19961126,10811,29.6,1.28,4.918,16.667,True,True,True,0,0,2,2,False,ST、近60日停牌
000656.SZ,000656,000656,金科股份,主板,深市,主板,801180.SI,房地产,801181.SI,房地产开发,房地产开发,L,19961128,10809,29.59,1.3,10.169,14.286,False,True,True,2,2,2,2,False,近60日停牌
000659.SZ,000659,000659,珠海中富,主板,深市,主板,801140.SI,轻工制造,801141.SI,包装印刷,包装印刷,L,19961203,10804,29.58,3.07,-0.968,30.556,False,True,True,0,0,1,3,False,近60日停牌
000668.SZ,000668,000668,荣丰控股,主板,深市,主板,801180.SI,房地产,801181.SI,房地产开发,房地产开发,L,19961210,10797,29.56,21.9,0.736,18.692,False,True,True,0,2,2,2,False,近60日停牌
000669.SZ,000669,000669,ST金鸿,主板,深市,主板,801160.SI,公用事业,801163.SI,燃气Ⅱ,燃气Ⅱ,L,19961210,10797,29.56,3.79,-0.785,19.512,True,True,True,0,0,0,0,False,ST
000677.SZ,000677,000677,ST海龙,主板,深市,主板,801030.SI,基础化工,801032.SI,化学纤维,化学纤维,L,19961226,10781,29.52,1.62,1.887,13.333,True,True,True,0,0,2,2,False,ST、近60日停牌
000691.SZ,000691,000691,亚太实业,主板,深市,主板,801030.SI,基础化工,801033.SI,化学原料,化学原料,L,19970228,10717,29.34,11.63,-0.343,12.712,False,True,True,0,2,2,2,False,近60日停牌
000697.SZ,000697,000697,炼石航空,主板,深市,主板,801740.SI,国防军工,801742.SI,航空装备Ⅱ,航空装备Ⅱ,L,19970325,10692,29.27,10.05,0.4,18.919,True,True,True,0,0,2,2,False,ST、近60日停牌
000698.SZ,000698,000698,ST沈化,主板,深市,主板,801960.SI,石油石化,801963.SI,炼化及贸易,炼化及贸易,L,19970220,10725,29.36,3.35,1.824,21.053,True,True,True,0,0,0,0,False,ST
000711.SZ,000711,000711,ST京蓝,主板,深市,主板,801970.SI,环保,801971.SI,环境治理,环境治理,L,19970411,10675,29.23,5.26,4.99,24.074,True,True,True,0,0,0,10,False,ST
000736.SZ,000736,000736,中交发展,主板,深市,主板,801180.SI,房地产,801181.SI,房地产开发,房地产开发,L,19970425,10661,29.19,3.96,1.538,42.857,False,True,True,0,2,2,2,False,近60日停牌
000752.SZ,000752,000752,*ST西发,主板,深市,主板,801120.SI,食品饮料,801126.SI,非白酒,非白酒,L,19970625,10600,29.02,7.95,-0.996,20.0,True,True,True,0,0,2,2,False,ST、近60日停牌
000793.SZ,000793,000793,*ST华闻,主板,深市,主板,801760.SI,传媒,801769.SI,出版,出版,L,19970729,10566,28.93,2.64,2.724,15.385,True,True,True,2,2,2,4,False,ST、近60日停牌
000820.SZ,000820,000820,*ST节能,主板,深市,主板,801970.SI,环保,801972.SI,环保设备Ⅱ,环保设备Ⅱ,L,19980630,10230,28.01,3.12,4.0,25.0,True,True,True,0,0,0,0,False,ST
000821.SZ,000821,000821,ST京机,主板,深市,主板,801730.SI,电力设备,801735.SI,光伏设备,光伏设备,L,19980626,10234,28.02,8.41,4.994,19.231,True,True,True,0,0,0,0,False,ST
000826.SZ,000826,000826,*ST启环,主板,深市,主板,801970.SI,环保,801971.SI,环境治理,环境治理,L,19980225,10355,28.35,1.83,-5.181,20.0,True,True,True,0,0,2,2,False,ST、近60日停牌
000838.SZ,000838,000838,*ST发展,主板,深市,主板,801180.SI,房地产,801181.SI,房地产开发,房地产开发,L,19970626,10599,29.02,1.77,4.734,20.0,True,True,True,0,0,2,2,False,ST、近60日停牌
000903.SZ,000903,000903,ST云动,主板,深市,主板,801880.SI,汽车,801093.SI,汽车零部件,汽车零部件,L,19990415,9941,27.22,1.95,2.094,15.789,True,True,True,0,0,0,0,False,ST
000908.SZ,000908,000908,石药景峰,主板,深市,主板,801150.SI,医药生物,801151.SI,化学制药,化学制药,L,19990203,10012,27.41,6.88,10.08,28.125,True,True,True,2,2,2,6,False,ST、近60日停牌
000909.SZ,000909,000909,*ST数源,主板,深市,主板,801180.SI,房地产,801181.SI,房地产开发,房地产开发,L,19990507,9919,27.16,4.36,5.06,26.087,True,True,True,0,0,0,2,False,ST
000911.SZ,000911,000911,*ST广糖,主板,深市,主板,801010.SI,农林牧渔,801012.SI,农产品加工,农产品加工,L,19990527,9899,27.1,4.13,2.228,22.222,True,True,True,0,0,2,2,False,ST、近60日停牌
000929.SZ,000929,000929,兰州黄河,主板,深市,主板,801120.SI,食品饮料,801126.SI,非白酒,非白酒,L,19990623,9872,27.03,9.05,1.914,15.306,False,True,True,2,2,2,2,False,近60日停牌
000959.SZ,000959,000959,首钢股份,主板,深市,主板,801040.SI,钢铁,801044.SI,普钢,普钢,L,19991216,9696,26.55,3.56,-2.466,46.512,False,True,True,0,0,5,11,False,近60日停牌
000972.SZ,000972,000972,中基健康,主板,深市,主板,801010.SI,农林牧渔,801012.SI,农产品加工,农产品加工,L,20000926,9411,25.77,3.64,-1.355,13.514,False,True,True,2,2,2,2,False,近60日停牌
001220.SZ,001220,001220,世盟股份,主板,深市,主板,801170.SI,交通运输,801178.SI,物流,物流,L,20260203,150,0.41,29.74,1.954,7.042,False,True,True,0,0,0,0,False,上市时间不足
001221.SZ,001221,001221,悍高集团,主板,深市,主板,801140.SI,轻工制造,801142.SI,家居用品,家居用品,L,20250730,338,0.93,41.91,4.047,8.867,False,True,True,0,0,0,0,False,上市时间不足
001233.SZ,001233,001233,海安集团,主板,深市,主板,801880.SI,汽车,801093.SI,汽车零部件,汽车零部件,L,20251125,220,0.6,46.16,0.698,12.069,False,True,True,0,0,0,0,False,上市时间不足
001237.SZ,001237,001237,惠康科技,主板,深市,主板,801890.SI,机械设备,801072.SI,通用设备,通用设备,L,20260522,42,0.11,67.56,-2.101,8.439,False,True,True,0,1,1,1,False,上市时间不足、近60日停牌
001248.SZ,001248,001248,C华润新能源,主板,深市,主板,,,,,未分类,L,20260702,1,0.0,22.02,-8.059,13.333,False,True,True,1,1,1,1,False,上市时间不足、近60日停牌
001257.SZ,001257,001257,盛龙股份,主板,深市,主板,801050.SI,有色金属,801054.SI,小金属,小金属,L,20260331,94,0.26,27.83,-3.368,4.196,False,True,True,0,0,0,0,False,上市时间不足
001270.SZ,001270,001270,铖昌科技,主板,深市,主板,801740.SI,国防军工,801745.SI,军工电子Ⅱ,军工电子Ⅱ,L,20220606,1488,4.07,163.32,10.002,21.311,False,True,True,0,2,2,2,False,近60日停牌
001277.SZ,001277,001277,速达股份,主板,深市,主板,801890.SI,机械设备,801074.SI,专用设备,专用设备,L,20240903,668,1.83,28.89,2.085,12.632,False,True,True,0,0,0,0,False,上市时间不足
001279.SZ,001279,001279,强邦新材,主板,深市,主板,801140.SI,轻工制造,801141.SI,包装印刷,包装印刷,L,20241011,630,1.72,27.98,3.362,8.824,False,True,True,0,0,0,0,False,上市时间不足
001280.SZ,001280,001280,中国铀业,主板,深市,主板,801050.SI,有色金属,801054.SI,小金属,小金属,L,20251203,212,0.58,66.31,0.928,10.0,False,True,True,0,0,0,0,False,上市时间不足
001285.SZ,001285,001285,瑞立科密,主板,深市,主板,801880.SI,汽车,801093.SI,汽车零部件,汽车零部件,L,20250930,276,0.76,43.05,0.655,9.42,False,True,True,0,0,0,7,False,上市时间不足
001312.SZ,001312,001312,福恩股份,主板,深市,主板,801130.SI,纺织服饰,801131.SI,纺织制造,纺织制造,L,20260421,73,0.2,19.44,1.25,6.771,False,True,True,0,0,0,0,False,上市时间不足
001325.SZ,001325,001325,元创股份,主板,深市,主板,801030.SI,基础化工,801037.SI,橡胶,橡胶,L,20251218,197,0.54,38.17,1.787,9.89,False,True,True,0,0,0,0,False,上市时间不足
001331.SZ,001331,001331,胜通能源,主板,深市,主板,801160.SI,公用事业,801163.SI,燃气Ⅱ,燃气Ⅱ,L,20220908,1394,3.82,63.49,3.068,26.984,False,True,True,16,22,22,22,False,近60日停牌
001335.SZ,001335,001335,信凯科技,主板,深市,主板,801030.SI,基础化工,801034.SI,化学制品,化学制品,L,20250415,444,1.22,37.68,-9.705,18.667,False,True,True,0,0,0,0,False,上市时间不足
001356.SZ,001356,001356,富岭股份,主板,深市,主板,801140.SI,轻工制造,801142.SI,家居用品,家居用品,L,20250123,526,1.44,8.66,2.607,10.714,False,True,True,0,0,0,0,False,上市时间不足
001365.SZ,001365,001365,天海电子,主板,深市,主板,801880.SI,汽车,801093.SI,汽车零部件,汽车零部件,L,20260518,46,0.13,42.38,1.875,10.9,False,True,True,0,0,0,0,False,上市时间不足
001369.SZ,001369,001369,双欣材料,主板,深市,主板,801030.SI,基础化工,801032.SI,化学纤维,化学纤维,L,20251230,185,0.51,13.31,-1.407,13.235,False,True,True,0,0,0,0,False,上市时间不足
001382.SZ,001382,001382,新亚电缆,主板,深市,主板,801730.SI,电力设备,801738.SI,电网设备,电网设备,L,20250321,469,1.28,16.39,3.342,6.918,False,True,True,0,0,0,0,False,上市时间不足
001386.SZ,001386,001386,马可波罗,主板,深市,主板,801140.SI,轻工制造,801142.SI,家居用品,家居用品,L,20251022,254,0.7,14.74,3.005,13.699,False,True,True,0,0,0,0,False,上市时间不足
001388.SZ,001388,001388,信通电子,主板,深市,主板,801730.SI,电力设备,801738.SI,电网设备,电网设备,L,20250701,367,1.0,27.73,0.727,8.759,False,True,True,0,0,0,0,False,上市时间不足
001390.SZ,001390,001390,古麒绒材,主板,深市,主板,801130.SI,纺织服饰,801131.SI,纺织制造,纺织制造,L,20250529,400,1.1,20.24,0.049,17.647,False,True,True,0,0,0,0,False,上市时间不足
001391.SZ,001391,001391,国货航,主板,深市,主板,801170.SI,交通运输,801178.SI,物流,物流,L,20241230,550,1.51,4.23,1.683,11.905,False,True,True,0,0,0,0,False,上市时间不足
001393.SZ,001393,001393,维通利,主板,深市,主板,801730.SI,电力设备,801738.SI,电网设备,电网设备,L,20260515,49,0.13,52.44,-1.001,5.556,False,True,True,0,0,0,0,False,上市时间不足
001395.SZ,001395,001395,亚联机械,主板,深市,主板,801890.SI,机械设备,801074.SI,专用设备,专用设备,L,20250127,522,1.43,24.6,3.492,13.58,False,True,True,0,0,0,0,False,上市时间不足
001396.SZ,001396,001396,誉帆科技,主板,深市,主板,801720.SI,建筑装饰,801723.SI,基础建设,基础建设,L,20251230,185,0.51,36.13,0.222,7.386,False,True,True,0,0,0,0,False,上市时间不足
001399.SZ,001399,001399,惠科股份,主板,深市,主板,801080.SI,电子,801084.SI,光学光电子,光学光电子,L,20260626,7,0.02,42.14,-9.996,11.392,False,True,True,1,1,1,1,False,上市时间不足、近60日停牌
001400.SZ,001400,001400,江顺科技,主板,深市,主板,801890.SI,机械设备,801074.SI,专用设备,专用设备,L,20250424,435,1.19,125.21,9.997,10.843,False,True,True,0,0,0,0,False,上市时间不足
002005.SZ,002005,002005,ST德豪,主板,深市,主板,801110.SI,家用电器,801113.SI,小家电,小家电,L,20040625,8043,22.02,2.55,4.938,17.857,True,True,True,0,0,0,0,False,ST
002024.SZ,002024,002024,ST易购,主板,深市,主板,801200.SI,商贸零售,801206.SI,互联网电商,互联网电商,L,20040721,8017,21.95,1.26,4.132,57.143,True,True,True,0,0,0,0,False,ST
002047.SZ,002047,002047,宝鹰股份,主板,深市,主板,801720.SI,建筑装饰,801722.SI,装修装饰Ⅱ,装修装饰Ⅱ,L,20050531,7703,21.09,4.54,-2.991,17.021,False,True,True,0,2,2,2,False,近60日停牌
002055.SZ,002055,002055,ST得润,主板,深市,主板,801080.SI,电子,801085.SI,消费电子,消费电子,L,20060725,7283,19.94,6.76,1.961,12.5,True,True,True,0,0,0,0,False,ST
002058.SZ,002058,002058,威尔泰,主板,深市,主板,801890.SI,机械设备,801072.SI,通用设备,通用设备,L,20060802,7275,19.92,20.38,1.192,24.561,False,True,True,2,2,2,2,False,近60日停牌
002076.SZ,002076,002076,星光股份,主板,深市,主板,801110.SI,家用电器,801115.SI,照明设备Ⅱ,照明设备Ⅱ,L,20061025,7191,19.69,2.45,5.15,16.667,False,True,True,2,2,2,2,False,近60日停牌
002082.SZ,002082,002082,ST万邦,主板,深市,主板,801150.SI,医药生物,801155.SI,中药Ⅱ,中药Ⅱ,L,20061120,7165,19.62,11.59,4.982,65.672,True,True,True,0,0,2,2,False,ST、近60日停牌
002102.SZ,002102,002102,ST能特,主板,深市,主板,801150.SI,医药生物,801151.SI,化学制药,化学制药,L,20061229,7126,19.51,2.37,0.424,37.5,True,True,True,0,0,2,2,False,ST、近60日停牌
002109.SZ,002109,002109,ST兴化,主板,深市,主板,801030.SI,基础化工,801033.SI,化学原料,化学原料,L,20070126,7098,19.43,2.79,4.887,56.667,True,True,True,0,0,2,2,False,ST、近60日停牌
002122.SZ,002122,002122,ST汇洲,主板,深市,主板,801890.SI,机械设备,801072.SI,通用设备,通用设备,L,20070328,7037,19.27,2.55,4.938,31.818,True,True,True,0,0,0,0,False,ST
002160.SZ,002160,002160,常铝股份,主板,深市,主板,801050.SI,有色金属,801055.SI,工业金属,工业金属,L,20070821,6891,18.87,3.79,0.798,15.789,False,True,True,6,6,6,6,False,近60日停牌
002168.SZ,002168,002168,ST惠程,主板,深市,主板,801730.SI,电力设备,801738.SI,电网设备,电网设备,L,20070919,6862,18.79,3.82,4.945,15.0,True,True,True,0,2,2,2,False,ST、近60日停牌
002175.SZ,002175,002175,*ST东智,主板,深市,主板,801890.SI,机械设备,801072.SI,通用设备,通用设备,L,20071012,6839,18.72,2.61,4.819,25.0,True,True,True,6,6,8,8,False,ST、近60日停牌
002193.SZ,002193,002193,ST如意,主板,深市,主板,801130.SI,纺织服饰,801132.SI,服装家纺,服装家纺,L,20071207,6783,18.57,4.59,5.034,30.0,True,True,True,0,0,2,2,False,ST、近60日停牌
002198.SZ,002198,002198,ST嘉应,主板,深市,主板,801150.SI,医药生物,801155.SI,中药Ⅱ,中药Ⅱ,L,20071218,6772,18.54,3.51,5.09,18.75,True,True,True,0,0,2,2,False,ST、近60日停牌
002199.SZ,002199,002199,*ST东晶,主板,深市,主板,801080.SI,电子,801083.SI,元件,元件,L,20071221,6769,18.53,12.89,4.967,24.427,True,True,True,0,0,0,0,False,ST
002200.SZ,002200,002200,交投生态,主板,深市,主板,801720.SI,建筑装饰,801723.SI,基础建设,基础建设,L,20071221,6769,18.53,6.58,3.785,18.75,False,True,True,0,2,2,2,False,近60日停牌
002207.SZ,002207,002207,*ST准油,主板,深市,主板,801960.SI,石油石化,801962.SI,油服工程,油服工程,L,20080128,6731,18.43,6.8,1.492,13.636,True,True,True,0,0,2,2,False,ST、近60日停牌
002211.SZ,002211,002211,ST宏达,主板,深市,主板,801030.SI,基础化工,801034.SI,化学制品,化学制品,L,20080201,6727,18.42,4.2,0.0,10.526,True,True,True,0,0,0,0,False,ST
002214.SZ,002214,002214,*ST大立,主板,深市,主板,801740.SI,国防军工,801745.SI,军工电子Ⅱ,军工电子Ⅱ,L,20080218,6710,18.37,14.69,1.032,29.87,True,True,True,0,0,0,0,False,ST
002217.SZ,002217,002217,ST合力泰,主板,深市,主板,801080.SI,电子,801084.SI,光学光电子,光学光电子,L,20080220,6708,18.37,1.76,4.762,16.0,True,True,True,2,2,2,2,False,ST、近60日停牌
002227.SZ,002227,002227,*ST特迅,主板,深市,主板,801730.SI,电力设备,801733.SI,其他电源设备Ⅱ,其他电源设备Ⅱ,L,20080506,6632,18.16,6.88,0.0,13.235,True,True,True,0,0,2,2,False,ST、近60日停牌
002253.SZ,002253,002253,川大智胜,主板,深市,主板,801750.SI,计算机,801104.SI,软件开发,软件开发,L,20080623,6584,18.03,10.25,0.688,15.888,False,True,True,2,2,2,2,False,近60日停牌
002289.SZ,002289,002289,宇顺电子,主板,深市,主板,801080.SI,电子,801084.SI,光学光电子,光学光电子,L,20090903,6147,16.83,46.77,4.561,18.018,False,True,True,2,2,2,2,False,近60日停牌
002305.SZ,002305,002305,*ST南置,主板,深市,主板,801180.SI,房地产,801181.SI,房地产开发,房地产开发,L,20091106,6083,16.65,2.01,5.236,22.727,True,True,True,0,0,0,0,False,ST
002306.SZ,002306,002306,ST云网,主板,深市,主板,801210.SI,社会服务,801219.SI,酒店餐饮,酒店餐饮,L,20091111,6078,16.64,2.08,3.483,18.182,True,True,True,2,2,2,2,False,ST、近60日停牌
002323.SZ,002323,002323,*ST雅博,主板,深市,主板,801720.SI,建筑装饰,801724.SI,专业工程,专业工程,L,20091218,6041,16.54,1.42,1.429,23.077,True,True,True,0,0,2,2,False,ST、近60日停牌
002360.SZ,002360,002360,ST同德,主板,深市,主板,801030.SI,基础化工,801034.SI,化学制品,化学制品,L,20100303,5966,16.33,5.45,5.01,21.429,True,True,True,0,0,2,2,False,ST、近60日停牌
002424.SZ,002424,002424,ST百灵,主板,深市,主板,801150.SI,医药生物,801155.SI,中药Ⅱ,中药Ⅱ,L,20100603,5874,16.08,4.58,1.104,17.021,True,True,True,0,0,0,0,False,ST
002431.SZ,002431,002431,ST棕榈,主板,深市,主板,801720.SI,建筑装饰,801723.SI,基础建设,基础建设,L,20100610,5867,16.06,1.36,3.03,38.462,True,True,True,0,0,2,2,False,ST、近60日停牌
002485.SZ,002485,002485,ST雪发,主板,深市,主板,801170.SI,交通运输,801178.SI,物流,物流,L,20101015,5740,15.72,5.85,5.027,18.367,True,True,True,0,0,0,0,False,ST
002496.SZ,002496,002496,辉丰股份,主板,深市,主板,801030.SI,基础化工,801038.SI,农化制品,农化制品,L,20101109,5715,15.65,2.23,9.852,19.048,False,True,True,2,2,2,2,False,近60日停牌
002501.SZ,002501,002501,*ST利源,主板,深市,主板,801050.SI,有色金属,801055.SI,工业金属,工业金属,L,20101117,5707,15.62,1.39,5.303,42.857,True,True,True,0,0,2,2,False,ST、近60日停牌
002512.SZ,002512,002512,ST达华,主板,深市,主板,801750.SI,计算机,801101.SI,计算机设备,计算机设备,L,20101203,5691,15.58,3.46,1.466,21.875,True,True,True,0,0,0,2,False,ST
002514.SZ,002514,002514,*ST宝馨,主板,深市,主板,801890.SI,机械设备,801072.SI,通用设备,通用设备,L,20101203,5691,15.58,2.2,-5.172,13.636,True,True,True,0,0,2,2,False,ST、近60日停牌
002528.SZ,002528,002528,*ST英飞,主板,深市,主板,801750.SI,计算机,801101.SI,计算机设备,计算机设备,L,20101224,5670,15.52,4.48,4.918,17.021,True,True,True,0,0,2,2,False,ST、近60日停牌
002529.SZ,002529,002529,海源复材,主板,深市,主板,801890.SI,机械设备,801074.SI,专用设备,专用设备,L,20101224,5670,15.52,7.28,3.704,14.667,False,True,True,2,2,2,2,False,近60日停牌
002538.SZ,002538,002538,ST司特,主板,深市,主板,801030.SI,基础化工,801038.SI,农化制品,农化制品,L,20110118,5645,15.46,6.12,-1.29,17.742,True,True,True,0,0,0,2,False,ST
002542.SZ,002542,002542,*ST中岩,主板,深市,主板,801720.SI,建筑装饰,801724.SI,专业工程,专业工程,L,20110128,5635,15.43,1.31,4.8,33.333,True,True,True,0,0,2,2,False,ST、近60日停牌
002547.SZ,002547,002547,*ST春兴,主板,深市,主板,801880.SI,汽车,801093.SI,汽车零部件,汽车零部件,L,20110218,5614,15.37,2.63,0.0,40.0,True,True,True,0,0,2,2,False,ST、近60日停牌
002569.SZ,002569,002569,*ST步森,主板,深市,主板,801130.SI,纺织服饰,801132.SI,服装家纺,服装家纺,L,20110412,5561,15.23,16.21,4.446,15.385,True,True,True,0,0,0,6,False,ST
002581.SZ,002581,002581,*ST未名,主板,深市,主板,801150.SI,医药生物,801152.SI,生物制品,生物制品,L,20110520,5523,15.12,3.45,0.583,23.529,True,True,True,0,0,2,2,False,ST、近60日停牌
002586.SZ,002586,002586,ST围海,主板,深市,主板,801720.SI,建筑装饰,801723.SI,基础建设,基础建设,L,20110602,5510,15.09,4.04,-0.247,26.667,True,True,True,0,0,0,0,False,ST
002592.SZ,002592,002592,ST八菱,主板,深市,主板,801880.SI,汽车,801093.SI,汽车零部件,汽车零部件,L,20111111,5348,14.64,6.7,3.395,33.333,True,True,True,0,0,0,0,False,ST
002598.SZ,002598,002598,ST章鼓,主板,深市,主板,801890.SI,机械设备,801072.SI,通用设备,通用设备,L,20110707,5475,14.99,6.99,4.955,12.5,True,True,True,0,0,2,2,False,ST、近60日停牌
002620.SZ,002620,002620,*ST瑞和,主板,深市,主板,801720.SI,建筑装饰,801722.SI,装修装饰Ⅱ,装修装饰Ⅱ,L,20110929,5391,14.76,5.68,0.888,23.636,True,True,True,0,0,2,2,False,ST、近60日停牌
002629.SZ,002629,002629,仁智股份,主板,深市,主板,801960.SI,石油石化,801962.SI,油服工程,油服工程,L,20111103,5356,14.66,4.67,1.522,11.364,False,True,True,0,6,6,6,False,近60日停牌
002630.SZ,002630,002630,*ST华西,主板,深市,主板,801730.SI,电力设备,801733.SI,其他电源设备Ⅱ,其他电源设备Ⅱ,L,20111111,5348,14.64,1.81,2.26,22.222,True,True,True,0,0,2,2,False,ST、近60日停牌
002634.SZ,002634,002634,*ST棒杰,主板,深市,主板,801130.SI,纺织服饰,801132.SI,服装家纺,服装家纺,L,20111205,5324,14.58,4.65,0.868,17.391,True,True,True,0,0,2,2,False,ST、近60日停牌
002647.SZ,002647,002647,仁东控股,主板,深市,主板,801790.SI,非银金融,801191.SI,多元金融,多元金融,L,20111228,5301,14.51,10.93,3.406,16.071,False,True,True,0,0,2,2,False,近60日停牌
002650.SZ,002650,002650,ST加加,主板,深市,主板,801120.SI,食品饮料,801129.SI,调味发酵品Ⅱ,调味发酵品Ⅱ,L,20120106,5292,14.49,6.35,4.959,25.352,True,True,True,0,0,0,0,False,ST
002656.SZ,002656,002656,*ST摩登,主板,深市,主板,801130.SI,纺织服饰,801132.SI,服装家纺,服装家纺,L,20120228,5239,14.34,3.05,3.041,19.355,True,True,True,0,0,0,0,False,ST
002667.SZ,002667,002667,*ST威领,主板,深市,主板,801890.SI,机械设备,801074.SI,专用设备,专用设备,L,20120329,5209,14.26,12.43,4.983,75.0,True,True,True,0,0,2,2,False,ST、近60日停牌
002686.SZ,002686,002686,亿利达,主板,深市,主板,801890.SI,机械设备,801072.SI,通用设备,通用设备,L,20120703,5113,14.0,5.48,3.788,11.321,False,True,True,0,0,1,5,False,近60日停牌
002689.SZ,002689,002689,ST远智,主板,深市,主板,801890.SI,机械设备,801074.SI,专用设备,专用设备,L,20120717,5099,13.96,2.81,3.69,32.353,True,True,True,0,0,0,0,False,ST
002691.SZ,002691,002691,*ST冀凯,主板,深市,主板,801890.SI,机械设备,801074.SI,专用设备,专用设备,L,20120731,5085,13.92,4.46,3.721,20.0,True,True,True,0,0,2,2,False,ST、近60日停牌
002693.SZ,002693,002693,双成药业,主板,深市,主板,801150.SI,医药生物,801151.SI,化学制药,化学制药,L,20120808,5077,13.9,10.22,-4.217,20.0,False,True,True,0,2,2,2,False,近60日停牌
002694.SZ,002694,002694,*ST顾地,主板,深市,主板,801710.SI,建筑材料,801713.SI,装修建材,装修建材,L,20120816,5069,13.88,2.31,3.125,31.818,True,True,True,0,0,2,2,False,ST、近60日停牌
002713.SZ,002713,002713,*ST东易,主板,深市,主板,801720.SI,建筑装饰,801722.SI,装修装饰Ⅱ,装修装饰Ⅱ,L,20140219,4517,12.37,12.79,2.979,21.311,True,True,True,0,0,0,0,False,ST
002717.SZ,002717,002717,*ST岭南,主板,深市,主板,801720.SI,建筑装饰,801723.SI,基础建设,基础建设,L,20140219,4517,12.37,1.07,4.902,20.0,True,True,True,0,0,2,2,False,ST、近60日停牌
002719.SZ,002719,002719,ST麦趣,主板,深市,主板,801120.SI,食品饮料,801128.SI,休闲食品,休闲食品,L,20140128,4539,12.43,6.26,0.968,25.806,True,True,True,0,0,2,2,False,ST、近60日停牌
002726.SZ,002726,002726,ST龙大,主板,深市,主板,801120.SI,食品饮料,801124.SI,食品加工,食品加工,L,20140626,4390,12.02,1.34,4.688,33.333,True,True,True,0,0,2,2,False,ST、近60日停牌
002729.SZ,002729,002729,好利科技,主板,深市,主板,801080.SI,电子,801082.SI,其他电子Ⅱ,其他电子Ⅱ,L,20140912,4312,11.81,,,,False,True,False,5,5,5,5,False,近60日停牌、无最新行情
002731.SZ,002731,002731,ST萃华,主板,深市,主板,801130.SI,纺织服饰,801133.SI,饰品,饰品,L,20141104,4259,11.66,,,,True,True,False,20,40,42,42,False,ST、近60日停牌、无最新行情
002742.SZ,002742,002742,冀衡医药,主板,深市,主板,801150.SI,医药生物,801151.SI,化学制药,化学制药,L,20150217,4154,11.37,3.7,4.225,31.579,False,True,True,0,0,2,2,False,近60日停牌
002762.SZ,002762,002762,金发拉比,主板,深市,主板,801130.SI,纺织服饰,801132.SI,服装家纺,服装家纺,L,20150610,4041,11.06,8.61,0.467,18.605,False,True,True,2,2,2,2,False,近60日停牌
002789.SZ,002789,002789,*ST建艺,主板,深市,主板,801720.SI,建筑装饰,801722.SI,装修装饰Ⅱ,装修装饰Ⅱ,L,20160311,3766,10.31,11.74,-0.424,25.0,True,True,True,0,0,0,0,False,ST
002808.SZ,002808,002808,恒久退,主板,深市,主板,801080.SI,电子,801084.SI,光学光电子,光学光电子,L,20160812,3612,9.89,0.24,-4.0,100.0,False,True,True,12,32,34,34,False,近60日停牌
002816.SZ,002816,002816,*ST和科,主板,深市,主板,801890.SI,机械设备,801074.SI,专用设备,专用设备,L,20161025,3538,9.69,29.49,2.824,15.556,True,True,True,0,0,0,0,False,ST
002822.SZ,002822,002822,ST中装,主板,深市,主板,801720.SI,建筑装饰,801722.SI,装修装饰Ⅱ,装修装饰Ⅱ,L,20161129,3503,9.59,3.43,4.893,18.75,True,True,True,0,0,0,0,False,ST
002848.SZ,002848,002848,高斯贝尔,主板,深市,主板,801110.SI,家用电器,801112.SI,黑色家电,黑色家电,L,20170213,3427,9.38,14.37,4.891,6.522,False,True,True,0,2,2,2,False,近60日停牌
002856.SZ,002856,002856,*ST美芝,主板,深市,主板,801720.SI,建筑装饰,801722.SI,装修装饰Ⅱ,装修装饰Ⅱ,L,20170320,3392,9.29,20.23,-4.979,31.683,True,True,True,0,0,2,2,False,ST、近60日停牌
002868.SZ,002868,002868,绿康生化,主板,深市,主板,801010.SI,农林牧渔,801018.SI,动物保健Ⅱ,动物保健Ⅱ,L,20170503,3348,9.17,26.28,10.004,53.846,False,True,True,0,2,2,2,False,近60日停牌
002872.SZ,002872,002872,ST天圣,主板,深市,主板,801150.SI,医药生物,801151.SI,化学制药,化学制药,L,20170519,3332,9.12,5.03,5.01,16.0,True,True,True,0,0,0,0,False,ST
002883.SZ,002883,002883,*ST中设,主板,深市,主板,801720.SI,建筑装饰,801726.SI,工程咨询服务Ⅱ,工程咨询服务Ⅱ,L,20170620,3300,9.03,8.92,0.338,16.092,True,True,True,0,0,2,2,False,ST、近60日停牌
002898.SZ,002898,002898,赛隆退,主板,深市,主板,801150.SI,医药生物,801151.SI,化学制药,化学制药,L,20170912,3216,8.8,0.36,-2.703,100.0,False,True,True,15,35,37,37,False,近60日停牌
002931.SZ,002931,002931,锋龙股份,主板,深市,主板,801890.SI,机械设备,801072.SI,通用设备,通用设备,L,20180403,3013,8.25,75.34,5.696,15.385,False,True,True,0,0,5,5,False,近60日停牌
002932.SZ,002932,002932,*ST明德,主板,深市,主板,801150.SI,医药生物,801153.SI,医疗器械,医疗器械,L,20180710,2915,7.98,15.09,0.533,15.0,True,True,True,0,0,2,2,False,ST、近60日停牌
002969.SZ,002969,002969,嘉美包装,主板,深市,主板,801140.SI,轻工制造,801141.SI,包装印刷,包装印刷,L,20191202,2405,6.58,14.06,1.297,16.0,False,True,True,1,5,5,5,False,近60日停牌
002977.SZ,002977,002977,*ST天箭,主板,深市,主板,801740.SI,国防军工,801745.SI,军工电子Ⅱ,军工电子Ⅱ,L,20200317,2299,6.29,24.34,5.004,15.238,True,True,True,0,0,2,2,False,ST、近60日停牌
003004.SZ,003004,003004,声迅股份,主板,深市,主板,801750.SI,计算机,801101.SI,计算机设备,计算机设备,L,20201126,2045,5.6,72.81,-1.581,15.315,False,True,True,0,2,2,2,False,近60日停牌
003032.SZ,003032,003032,传智教育,主板,深市,主板,801210.SI,社会服务,801994.SI,教育,教育,L,20210112,1998,5.47,5.41,1.883,25.926,False,True,True,2,2,2,2,False,近60日停牌
003041.SZ,003041,003041,真爱美家,主板,深市,主板,801130.SI,纺织服饰,801132.SI,服装家纺,服装家纺,L,20210406,1914,5.24,44.3,-3.842,31.183,False,True,True,0,0,5,5,False,近60日停牌
300010.SZ,300010,300010,ST豆神,创业板,深市,创业板,801210.SI,社会服务,801994.SI,教育,教育,L,20091030,6090,16.67,2.2,2.326,33.333,True,True,True,0,0,2,2,False,ST、近60日停牌
300020.SZ,300020,300020,ST银江,创业板,深市,创业板,801750.SI,计算机,801103.SI,IT服务Ⅱ,IT服务Ⅱ,L,20091030,6090,16.67,3.8,-3.308,20.0,True,True,True,0,0,0,0,False,ST
300027.SZ,300027,300027,ST华谊,创业板,深市,创业板,801760.SI,传媒,801766.SI,影视院线,影视院线,L,20091030,6090,16.67,1.77,2.312,22.222,True,True,True,0,0,2,2,False,ST、近60日停牌
300029.SZ,300029,300029,天龙退,创业板,深市,创业板,801720.SI,建筑装饰,801724.SI,专业工程,专业工程,L,20091225,6034,16.52,0.15,-6.25,100.0,False,True,True,10,30,33,33,False,近60日停牌
300044.SZ,300044,300044,*ST赛为,创业板,深市,创业板,801750.SI,计算机,801103.SI,IT服务Ⅱ,IT服务Ⅱ,L,20100120,6008,16.45,5.6,-3.114,28.571,True,True,True,0,0,2,2,False,ST、近60日停牌
300052.SZ,300052,300052,中青宝,创业板,深市,创业板,801760.SI,传媒,801764.SI,游戏Ⅱ,游戏Ⅱ,L,20100211,5986,16.39,12.18,-6.452,9.701,False,True,True,0,0,2,2,False,近60日停牌
300067.SZ,300067,300067,安诺其,创业板,深市,创业板,801030.SI,基础化工,801034.SI,化学制品,化学制品,L,20100421,5917,16.2,5.32,-2.564,10.909,False,True,True,0,0,10,10,False,近60日停牌
300068.SZ,300068,300068,ST南都,创业板,深市,创业板,801730.SI,电力设备,801737.SI,电池,电池,L,20100421,5917,16.2,4.19,0.964,11.905,True,True,True,0,0,2,2,False,ST、近60日停牌
300069.SZ,300069,300069,金利华电,创业板,深市,创业板,801730.SI,电力设备,801738.SI,电网设备,电网设备,L,20100421,5917,16.2,38.29,-2.719,19.355,False,True,True,0,9,11,11,False,近60日停牌
300076.SZ,300076,300076,*ST宁视,创业板,深市,创业板,801080.SI,电子,801084.SI,光学光电子,光学光电子,L,20100430,5908,16.18,4.65,4.027,18.182,True,True,True,0,0,2,2,False,ST、近60日停牌
300081.SZ,300081,300081,ST恒信,创业板,深市,创业板,801770.SI,通信,801223.SI,通信服务,通信服务,L,20100520,5888,16.12,3.86,0.26,10.0,True,True,True,0,0,2,2,False,ST、近60日停牌
300087.SZ,300087,300087,ST荃银,创业板,深市,创业板,801010.SI,农林牧渔,801016.SI,种植业,种植业,L,20100526,5882,16.1,5.19,-0.384,39.623,True,True,True,2,2,2,2,False,ST、近60日停牌
300091.SZ,300091,300091,*ST金灵,创业板,深市,创业板,801890.SI,机械设备,801072.SI,通用设备,通用设备,L,20100625,5852,16.02,2.54,3.252,20.69,True,True,True,0,0,0,0,False,ST
300093.SZ,300093,300093,金刚光伏,创业板,深市,创业板,801730.SI,电力设备,801735.SI,光伏设备,光伏设备,L,20100708,5839,15.99,25.34,5.32,12.5,False,True,True,2,2,2,2,False,近60日停牌
300096.SZ,300096,300096,ST易联众,创业板,深市,创业板,801750.SI,计算机,801103.SI,IT服务Ⅱ,IT服务Ⅱ,L,20100728,5819,15.93,9.6,-1.031,15.625,True,True,True,0,0,0,0,False,ST
300123.SZ,300123,300123,ST亚光,创业板,深市,创业板,801740.SI,国防军工,801745.SI,军工电子Ⅱ,军工电子Ⅱ,L,20100928,5757,15.76,3.77,1.892,27.027,True,True,True,0,0,2,2,False,ST、近60日停牌
300125.SZ,300125,300125,*ST聆达,创业板,深市,创业板,801160.SI,公用事业,801161.SI,电力,电力,L,20101013,5742,15.72,9.6,2.345,15.789,True,True,True,0,0,0,0,False,ST
300147.SZ,300147,300147,*ST香雪,创业板,深市,创业板,801150.SI,医药生物,801155.SI,中药Ⅱ,中药Ⅱ,L,20101215,5679,15.55,9.4,0.106,10.204,True,True,True,0,0,2,2,False,ST、近60日停牌
300152.SZ,300152,300152,*ST动力,创业板,深市,创业板,801970.SI,环保,801971.SI,环境治理,环境治理,L,20101229,5665,15.51,1.68,1.818,17.647,True,True,True,0,0,2,2,False,ST、近60日停牌
300159.SZ,300159,300159,新研股份,创业板,深市,创业板,801890.SI,机械设备,801074.SI,专用设备,专用设备,L,20110107,5656,15.49,3.44,4.242,25.0,False,True,True,2,2,2,2,False,近60日停牌
300167.SZ,300167,300167,ST迪威迅,创业板,深市,创业板,801750.SI,计算机,801103.SI,IT服务Ⅱ,IT服务Ⅱ,L,20110125,5638,15.44,4.57,-1.082,26.531,True,True,True,0,0,0,0,False,ST
300173.SZ,300173,300173,ST福能,创业板,深市,创业板,801730.SI,电力设备,801737.SI,电池,电池,L,20110201,5631,15.42,3.35,2.134,34.286,True,True,True,0,0,0,0,False,ST
300175.SZ,300175,300175,朗源股份,创业板,深市,创业板,801010.SI,农林牧渔,801012.SI,农产品加工,农产品加工,L,20110215,5617,15.38,5.62,4.851,29.63,False,True,True,0,2,2,2,False,近60日停牌
300198.SZ,300198,300198,*ST纳川,创业板,深市,创业板,801710.SI,建筑材料,801713.SI,装修建材,装修建材,L,20110407,5566,15.24,2.24,1.357,16.667,True,True,True,0,0,2,2,False,ST、近60日停牌
300205.SZ,300205,300205,*ST天喻,创业板,深市,创业板,801770.SI,通信,801102.SI,通信设备,通信设备,L,20110421,5552,15.2,5.05,-0.591,21.429,True,True,True,0,0,0,0,False,ST
300211.SZ,300211,300211,*ST亿通,创业板,深市,创业板,801770.SI,通信,801223.SI,通信服务,通信服务,L,20110505,5538,15.16,7.96,2.71,18.293,True,True,True,0,0,0,0,False,ST
300212.SZ,300212,300212,*ST易录,创业板,深市,创业板,801750.SI,计算机,801103.SI,IT服务Ⅱ,IT服务Ⅱ,L,20110505,5538,15.16,9.07,-2.158,20.833,True,True,True,0,0,2,2,False,ST、近60日停牌
300214.SZ,300214,300214,日科化学,创业板,深市,创业板,801030.SI,基础化工,801034.SI,化学制品,化学制品,L,20110511,5532,15.15,,,,False,True,False,5,5,5,5,False,近60日停牌、无最新行情
300225.SZ,300225,300225,金力泰,创业板,深市,创业板,801030.SI,基础化工,801034.SI,化学制品,化学制品,L,20110531,5512,15.09,8.14,3.3,13.415,True,True,True,2,2,2,2,False,ST、近60日停牌
300237.SZ,300237,300237,ST美晨,创业板,深市,创业板,801880.SI,汽车,801093.SI,汽车零部件,汽车零部件,L,20110629,5483,15.01,1.89,3.846,33.333,True,True,True,0,0,0,0,False,ST
300245.SZ,300245,300245,ST天玑,创业板,深市,创业板,801750.SI,计算机,801103.SI,IT服务Ⅱ,IT服务Ⅱ,L,20110719,5463,14.96,5.97,3.646,21.429,True,True,True,0,0,2,2,False,ST、近60日停牌
300268.SZ,300268,300268,佳沃食品,创业板,深市,创业板,801010.SI,农林牧渔,801012.SI,农产品加工,农产品加工,L,20110927,5393,14.77,11.59,1.223,25.0,False,True,True,0,2,2,2,False,近60日停牌
300290.SZ,300290,300290,ST荣科,创业板,深市,创业板,801750.SI,计算机,801103.SI,IT服务Ⅱ,IT服务Ⅱ,L,20120216,5251,14.38,4.62,-1.492,41.667,True,True,True,2,2,2,2,False,ST、近60日停牌
300295.SZ,300295,300295,*ST三六五,创业板,深市,创业板,801760.SI,传媒,801767.SI,数字媒体,数字媒体,L,20120315,5223,14.3,10.41,2.059,18.75,True,True,True,0,0,2,2,False,ST、近60日停牌
300301.SZ,300301,300301,ST长方,创业板,深市,创业板,801080.SI,电子,801084.SI,光学光电子,光学光电子,L,20120321,5217,14.28,3.95,0.254,17.143,True,True,True,0,0,0,0,False,ST
300311.SZ,300311,300311,ST任子行,创业板,深市,创业板,801750.SI,计算机,801104.SI,软件开发,软件开发,L,20120425,5182,14.19,5.37,3.071,9.615,True,True,True,0,0,0,0,False,ST
300313.SZ,300313,300313,天山生物,创业板,深市,创业板,801010.SI,农林牧渔,801017.SI,养殖业,养殖业,L,20120425,5182,14.19,8.93,6.563,16.667,False,True,True,2,2,2,2,False,近60日停牌
300326.SZ,300326,300326,ST凯利,创业板,深市,创业板,801150.SI,医药生物,801153.SI,医疗器械,医疗器械,L,20120613,5133,14.05,6.4,2.236,19.048,True,True,True,0,0,0,0,False,ST
300332.SZ,300332,300332,天壕能源,创业板,深市,创业板,801160.SI,公用事业,801163.SI,燃气Ⅱ,燃气Ⅱ,L,20120628,5118,14.01,,,,False,True,False,6,6,6,6,False,近60日停牌、无最新行情
300338.SZ,300338,300338,*ST开元,创业板,深市,创业板,801210.SI,社会服务,801994.SI,教育,教育,L,20120726,5090,13.94,2.84,-1.389,20.0,True,True,True,0,0,2,2,False,ST、近60日停牌
300343.SZ,300343,300343,联创股份,创业板,深市,创业板,801030.SI,基础化工,801034.SI,化学制品,化学制品,L,20120801,5084,13.92,6.68,-4.023,17.91,False,True,True,2,2,2,2,False,近60日停牌
300352.SZ,300352,300352,ST信源,创业板,深市,创业板,801750.SI,计算机,801104.SI,软件开发,软件开发,L,20120912,5042,13.8,2.72,-0.366,14.286,True,True,True,0,0,2,2,False,ST、近60日停牌
300366.SZ,300366,300366,ST创意,创业板,深市,创业板,801750.SI,计算机,801104.SI,软件开发,软件开发,L,20140127,4540,12.43,4.77,1.923,24.444,True,True,True,0,0,0,0,False,ST
300385.SZ,300385,300385,ST雪浪,创业板,深市,创业板,801970.SI,环保,801971.SI,环境治理,环境治理,L,20140626,4390,12.02,12.77,4.501,35.0,True,True,True,0,0,2,7,False,ST、近60日停牌
300396.SZ,300396,300396,ST迪瑞,创业板,深市,创业板,801150.SI,医药生物,801153.SI,医疗器械,医疗器械,L,20140910,4314,11.81,6.72,1.357,27.273,True,True,True,0,0,2,2,False,ST、近60日停牌
300411.SZ,300411,300411,金盾股份,创业板,深市,创业板,801890.SI,机械设备,801074.SI,专用设备,专用设备,L,20141231,4202,11.5,7.15,0.704,9.859,False,True,True,6,6,6,6,False,近60日停牌
300419.SZ,300419,300419,ST浩丰,创业板,深市,创业板,801750.SI,计算机,801103.SI,IT服务Ⅱ,IT服务Ⅱ,L,20150122,4180,11.44,7.18,1.269,8.696,True,True,True,0,0,0,0,False,ST
300430.SZ,300430,300430,*ST益通,创业板,深市,创业板,801890.SI,机械设备,801072.SI,通用设备,通用设备,L,20150319,4124,11.29,4.59,1.325,20.0,True,True,True,0,0,2,2,False,ST、近60日停牌
300460.SZ,300460,300460,ST惠伦,创业板,深市,创业板,801080.SI,电子,801083.SI,元件,元件,L,20150515,4067,11.13,10.95,5.39,14.433,True,True,True,0,0,0,0,False,ST
300462.SZ,300462,300462,ST华铭,创业板,深市,创业板,801750.SI,计算机,801101.SI,计算机设备,计算机设备,L,20150527,4055,11.1,10.28,1.181,24.603,True,True,True,0,0,0,0,False,ST
300472.SZ,300472,300472,*ST新元,创业板,深市,创业板,801890.SI,机械设备,801074.SI,专用设备,专用设备,L,20150611,4040,11.06,7.23,3.73,22.5,True,True,True,0,0,0,0,False,ST
300477.SZ,300477,300477,ST合纵,创业板,深市,创业板,801730.SI,电力设备,801737.SI,电池,电池,L,20150610,4041,11.06,2.52,-1.177,20.0,True,True,True,0,0,0,0,False,ST
300506.SZ,300506,300506,名家汇,创业板,深市,创业板,801720.SI,建筑装饰,801722.SI,装修装饰Ⅱ,装修装饰Ⅱ,L,20160324,3753,10.28,6.25,1.133,23.333,True,True,True,2,2,2,2,False,ST、近60日停牌
300527.SZ,300527,300527,ST应急,创业板,深市,创业板,801740.SI,国防军工,801743.SI,地面兵装Ⅱ,地面兵装Ⅱ,L,20160805,3619,9.91,7.17,3.017,15.0,True,True,True,0,0,0,0,False,ST
300550.SZ,300550,300550,和仁科技,创业板,深市,创业板,801750.SI,计算机,801104.SI,软件开发,软件开发,L,20161018,3545,9.71,15.82,1.54,14.894,False,True,True,0,6,6,6,False,近60日停牌
300555.SZ,300555,300555,ST路通,创业板,深市,创业板,801770.SI,通信,801102.SI,通信设备,通信设备,L,20161018,3545,9.71,13.19,1.618,14.179,True,True,True,0,0,0,0,False,ST
300561.SZ,300561,300561,汇金科技,创业板,深市,创业板,801750.SI,计算机,801104.SI,软件开发,软件开发,L,20161117,3515,9.62,17.2,4.369,12.048,False,True,True,0,2,2,2,False,近60日停牌
300594.SZ,300594,300594,ST朗进,创业板,深市,创业板,801890.SI,机械设备,801076.SI,轨交设备Ⅱ,轨交设备Ⅱ,L,20190621,2569,7.03,14.8,0.749,32.468,True,True,True,0,0,2,2,False,ST、近60日停牌
300665.SZ,300665,300665,飞鹿股份,创业板,深市,创业板,801030.SI,基础化工,801034.SI,化学制品,化学制品,L,20170613,3307,9.05,9.71,-3.19,14.706,False,True,True,5,5,5,5,False,近60日停牌
300685.SZ,300685,300685,艾德生物,创业板,深市,创业板,801150.SI,医药生物,801153.SI,医疗器械,医疗器械,L,20170802,3257,8.92,18.0,1.466,22.414,False,True,True,1,5,5,5,False,近60日停牌
300716.SZ,300716,300716,*ST泉为,创业板,深市,创业板,801730.SI,电力设备,801735.SI,光伏设备,光伏设备,L,20171109,3158,8.65,24.43,8.05,33.945,True,True,True,0,0,2,2,False,ST、近60日停牌
300807.SZ,300807,300807,天迈科技,创业板,深市,创业板,801750.SI,计算机,801101.SI,计算机设备,计算机设备,L,20191219,2388,6.54,40.03,1.393,18.519,False,True,True,0,0,11,11,False,近60日停牌
300831.SZ,300831,300831,ST派瑞,创业板,深市,创业板,801080.SI,电子,801081.SI,半导体,半导体,L,20200507,2248,6.15,18.83,4.148,14.737,True,True,True,2,2,2,2,False,ST、近60日停牌
300851.SZ,300851,300851,交大思诺,创业板,深市,创业板,801890.SI,机械设备,801076.SI,轨交设备Ⅱ,轨交设备Ⅱ,L,20200717,2177,5.96,23.5,3.89,21.667,False,True,True,0,11,11,11,False,近60日停牌
300899.SZ,300899,300899,上海凯鑫,创业板,深市,创业板,801970.SI,环保,801971.SI,环境治理,环境治理,L,20201016,2086,5.71,29.65,1.506,25.49,False,True,True,0,2,2,2,False,近60日停牌
300965.SZ,300965,300965,恒宇信通,创业板,深市,创业板,801740.SI,国防军工,801742.SI,航空装备Ⅱ,航空装备Ⅱ,L,20210402,1918,5.25,44.42,4.814,14.583,False,True,True,0,4,10,10,False,近60日停牌
301022.SZ,301022,301022,海泰科,创业板,深市,创业板,801880.SI,汽车,801093.SI,汽车零部件,汽车零部件,L,20210702,1827,5.0,25.43,6.759,12.281,False,True,True,0,0,11,11,False,近60日停牌
301030.SZ,301030,301030,*ST仕净,创业板,深市,创业板,801970.SI,环保,801972.SI,环保设备Ⅱ,环保设备Ⅱ,L,20210722,1807,4.95,10.25,2.193,20.0,True,True,True,0,0,2,2,False,ST、近60日停牌
301096.SZ,301096,301096,百诚医药,创业板,深市,创业板,801150.SI,医药生物,801156.SI,医疗服务,医疗服务,L,20211220,1656,4.53,56.83,1.937,7.42,False,True,True,0,6,6,6,False,近60日停牌
301139.SZ,301139,301139,*ST元道,创业板,深市,创业板,801770.SI,通信,801223.SI,通信服务,通信服务,L,20220708,1456,3.99,3.67,-6.853,15.385,True,True,True,0,2,2,2,False,ST、近60日停牌
301173.SZ,301173,301173,毓恬冠佳,创业板,深市,创业板,801880.SI,汽车,801093.SI,汽车零部件,汽车零部件,L,20250303,487,1.33,31.79,3.618,10.067,False,True,True,0,0,0,0,False,上市时间不足
301275.SZ,301275,301275,汉朔科技,创业板,深市,创业板,801080.SI,电子,801082.SI,其他电子Ⅱ,其他电子Ⅱ,L,20250311,479,1.31,44.62,-0.022,8.036,False,True,True,0,0,0,0,False,上市时间不足
301288.SZ,301288,301288,清研环境,创业板,深市,创业板,801970.SI,环保,801972.SI,环保设备Ⅱ,环保设备Ⅱ,L,20220422,1533,4.2,18.0,4.59,10.989,False,True,True,0,2,2,2,False,近60日停牌
301309.SZ,301309,301309,万得凯,创业板,深市,创业板,801890.SI,机械设备,801072.SI,通用设备,通用设备,L,20220919,1383,3.79,32.27,1.16,11.111,False,True,True,0,0,2,11,False,近60日停牌
301449.SZ,301449,301449,天溯计量,创业板,深市,创业板,801210.SI,社会服务,801218.SI,专业服务,专业服务,L,20251223,192,0.53,38.61,0.468,9.091,False,True,True,0,0,0,0,False,上市时间不足
301458.SZ,301458,301458,钧崴电子,创业板,深市,创业板,801080.SI,电子,801083.SI,元件,元件,L,20250110,539,1.48,50.99,-6.148,16.955,False,True,True,0,0,0,0,False,上市时间不足
301479.SZ,301479,301479,弘景光电,创业板,深市,创业板,801080.SI,电子,801084.SI,光学光电子,光学光电子,L,20250318,472,1.29,63.89,0.551,15.584,False,True,True,0,0,0,0,False,上市时间不足
301491.SZ,301491,301491,汉桑科技,创业板,深市,创业板,801080.SI,电子,801085.SI,消费电子,消费电子,L,20250806,331,0.91,40.7,2.107,12.121,False,True,True,0,0,0,0,False,上市时间不足
301501.SZ,301501,301501,恒鑫生活,创业板,深市,创业板,801140.SI,轻工制造,801142.SI,家居用品,家居用品,L,20250319,471,1.29,27.8,3.039,10.448,False,True,True,0,0,0,0,False,上市时间不足
301513.SZ,301513,301513,尚水智能,创业板,深市,创业板,801730.SI,电力设备,801737.SI,电池,电池,L,20260417,77,0.21,65.33,-4.32,7.647,False,True,True,0,0,0,0,False,上市时间不足
301522.SZ,301522,301522,上大股份,创业板,深市,创业板,801050.SI,有色金属,801051.SI,金属新材料,金属新材料,L,20241016,625,1.71,27.6,3.332,13.187,False,True,True,0,0,0,0,False,上市时间不足
301531.SZ,301531,301531,春光集团,创业板,深市,创业板,801050.SI,有色金属,801051.SI,金属新材料,金属新材料,L,20260511,53,0.15,67.48,-4.918,8.368,False,True,True,0,0,0,0,False,上市时间不足
301535.SZ,301535,301535,浙江华远,创业板,深市,创业板,801880.SI,汽车,801093.SI,汽车零部件,汽车零部件,L,20250327,463,1.27,14.61,4.506,13.669,False,True,True,0,0,0,0,False,上市时间不足
301551.SZ,301551,301551,无线传媒,创业板,深市,创业板,801760.SI,传媒,801995.SI,电视广播Ⅱ,电视广播Ⅱ,L,20240926,645,1.77,20.58,1.23,24.272,False,True,True,0,0,0,0,False,上市时间不足
301552.SZ,301552,301552,科力装备,创业板,深市,创业板,801880.SI,汽车,801093.SI,汽车零部件,汽车零部件,L,20240722,711,1.95,23.85,4.149,22.314,False,True,True,0,0,0,0,False,上市时间不足
301556.SZ,301556,301556,托普云农,创业板,深市,创业板,801750.SI,计算机,801103.SI,IT服务Ⅱ,IT服务Ⅱ,L,20241017,624,1.71,60.26,0.651,10.811,False,True,True,0,0,0,0,False,上市时间不足
301557.SZ,301557,301557,常友科技,创业板,深市,创业板,801730.SI,电力设备,801736.SI,风电设备,风电设备,L,20250304,486,1.33,87.67,-0.488,5.65,False,True,True,0,0,0,0,False,上市时间不足
301560.SZ,301560,301560,众捷汽车,创业板,深市,创业板,801880.SI,汽车,801093.SI,汽车零部件,汽车零部件,L,20250425,434,1.19,28.71,4.173,13.768,False,True,True,0,0,0,0,False,上市时间不足
301563.SZ,301563,301563,云汉芯城,创业板,深市,创业板,801080.SI,电子,801082.SI,其他电子Ⅱ,其他电子Ⅱ,L,20250930,276,0.76,157.92,-0.416,9.524,False,True,True,0,0,0,0,False,上市时间不足
301571.SZ,301571,301571,国科天成,创业板,深市,创业板,801740.SI,国防军工,801745.SI,军工电子Ⅱ,军工电子Ⅱ,L,20240821,681,1.86,60.35,-1.341,12.577,False,True,True,0,0,0,0,False,上市时间不足
301575.SZ,301575,301575,艾芬达,创业板,深市,创业板,801140.SI,轻工制造,801142.SI,家居用品,家居用品,L,20250910,296,0.81,29.36,5.195,9.353,False,True,True,0,0,0,0,False,上市时间不足
301581.SZ,301581,301581,黄山谷捷,创业板,深市,创业板,801880.SI,汽车,801093.SI,汽车零部件,汽车零部件,L,20250103,546,1.49,46.96,-2.573,9.184,False,True,True,0,0,0,0,False,上市时间不足
301584.SZ,301584,301584,建发致新,创业板,深市,创业板,801150.SI,医药生物,801154.SI,医药商业,医药商业,L,20250925,281,0.77,21.17,1.73,8.654,False,True,True,0,0,0,0,False,上市时间不足
301585.SZ,301585,301585,蓝宇股份,创业板,深市,创业板,801030.SI,基础化工,801034.SI,化学制品,化学制品,L,20241220,560,1.53,26.1,-1.211,14.615,False,True,True,0,0,0,0,False,上市时间不足
301586.SZ,301586,301586,佳力奇,创业板,深市,创业板,801740.SI,国防军工,801742.SI,航空装备Ⅱ,航空装备Ⅱ,L,20240828,674,1.85,34.27,2.882,11.446,False,True,True,0,0,0,0,False,上市时间不足
301590.SZ,301590,301590,优优绿能,创业板,深市,创业板,801730.SI,电力设备,801733.SI,其他电源设备Ⅱ,其他电源设备Ⅱ,L,20250605,393,1.08,149.0,4.561,16.239,False,True,True,0,0,0,0,False,上市时间不足
301592.SZ,301592,301592,六九一二,创业板,深市,创业板,801740.SI,国防军工,801745.SI,军工电子Ⅱ,军工电子Ⅱ,L,20241024,617,1.69,130.68,-5.236,14.563,False,True,True,0,0,0,0,False,上市时间不足
301595.SZ,301595,301595,太力科技,创业板,深市,创业板,801140.SI,轻工制造,801142.SI,家居用品,家居用品,L,20250519,410,1.12,41.08,-0.049,11.5,False,True,True,0,0,0,0,False,上市时间不足
301598.SZ,301598,301598,博科测试,创业板,深市,创业板,801890.SI,机械设备,801074.SI,专用设备,专用设备,L,20241220,560,1.53,53.62,2.917,16.19,False,True,True,0,0,0,0,False,上市时间不足
301599.SZ,301599,301599,理奇智能,创业板,深市,创业板,801730.SI,电力设备,801737.SI,电池,电池,L,20260430,64,0.18,43.12,-2.0,5.856,False,True,True,0,0,1,1,False,上市时间不足、近60日停牌
301600.SZ,301600,301600,慧翰股份,创业板,深市,创业板,801750.SI,计算机,801101.SI,计算机设备,计算机设备,L,20240911,660,1.81,86.66,0.035,9.333,False,True,True,0,0,0,0,False,上市时间不足
301601.SZ,301601,301601,惠通科技,创业板,深市,创业板,801890.SI,机械设备,801074.SI,专用设备,专用设备,L,20250115,534,1.46,16.3,2.774,11.392,False,True,True,0,0,0,0,False,上市时间不足
301602.SZ,301602,301602,超研股份,创业板,深市,创业板,801150.SI,医药生物,801153.SI,医疗器械,医疗器械,L,20250122,527,1.44,14.71,2.724,11.111,False,True,True,0,0,0,0,False,上市时间不足
301603.SZ,301603,301603,乔锋智能,创业板,深市,创业板,801890.SI,机械设备,801072.SI,通用设备,通用设备,L,20240710,723,1.98,159.99,10.544,14.439,False,True,True,0,0,0,0,False,上市时间不足
301606.SZ,301606,301606,绿联科技,创业板,深市,创业板,801080.SI,电子,801085.SI,消费电子,消费电子,L,20240726,707,1.94,59.24,1.127,26.168,False,True,True,0,0,0,0,False,上市时间不足
301607.SZ,301607,301607,富特科技,创业板,深市,创业板,801880.SI,汽车,801093.SI,汽车零部件,汽车零部件,L,20240904,667,1.83,52.0,-0.421,14.961,False,True,True,0,0,0,0,False,上市时间不足
301608.SZ,301608,301608,博实结,创业板,深市,创业板,801750.SI,计算机,801101.SI,计算机设备,计算机设备,L,20240801,701,1.92,51.29,1.024,20.611,False,True,True,0,0,0,0,False,上市时间不足
301609.SZ,301609,301609,山大电力,创业板,深市,创业板,801730.SI,电力设备,801738.SI,电网设备,电网设备,L,20250723,345,0.94,34.11,2.741,8.383,False,True,True,0,0,0,0,False,上市时间不足
301611.SZ,301611,301611,珂玛科技,创业板,深市,创业板,801080.SI,电子,801081.SI,半导体,半导体,L,20240816,686,1.88,150.0,-2.635,19.022,False,True,True,0,0,0,0,False,上市时间不足
301613.SZ,301613,301613,新铝时代,创业板,深市,创业板,801880.SI,汽车,801093.SI,汽车零部件,汽车零部件,L,20241025,616,1.69,40.42,1.202,13.043,False,True,True,0,0,0,0,False,上市时间不足
301616.SZ,301616,301616,浙江华业,创业板,深市,创业板,801890.SI,机械设备,801072.SI,通用设备,通用设备,L,20250327,463,1.27,36.59,4.993,10.435,False,True,True,0,0,0,0,False,上市时间不足
301617.SZ,301617,301617,博苑新材,创业板,深市,创业板,801030.SI,基础化工,801034.SI,化学制品,化学制品,L,20241211,569,1.56,61.78,-6.691,16.505,False,True,True,0,0,0,0,False,上市时间不足
301618.SZ,301618,301618,长联科技,创业板,深市,创业板,801030.SI,基础化工,801034.SI,化学制品,化学制品,L,20240930,641,1.75,44.6,-6.283,7.265,False,True,True,0,0,0,0,False,上市时间不足
301622.SZ,301622,301622,英思特,创业板,深市,创业板,801050.SI,有色金属,801051.SI,金属新材料,金属新材料,L,20241204,576,1.58,50.18,4.108,16.393,False,True,True,0,0,0,0,False,上市时间不足
301626.SZ,301626,301626,苏州天脉,创业板,深市,创业板,801080.SI,电子,801085.SI,消费电子,消费电子,L,20241024,617,1.69,321.0,-2.218,14.674,False,True,True,0,0,0,0,False,上市时间不足
301628.SZ,301628,301628,强达电路,创业板,深市,创业板,801080.SI,电子,801083.SI,元件,元件,L,20241031,610,1.67,98.65,-1.251,15.049,False,True,True,0,0,0,0,False,上市时间不足
301629.SZ,301629,301629,矽电股份,创业板,深市,创业板,801080.SI,电子,801081.SI,半导体,半导体,L,20250324,466,1.28,360.69,-11.378,16.204,False,True,True,0,0,0,0,False,上市时间不足
301630.SZ,301630,301630,同宇新材,创业板,深市,创业板,801080.SI,电子,801086.SI,电子化学品Ⅱ,电子化学品Ⅱ,L,20250710,358,0.98,224.32,-3.427,16.667,False,True,True,0,0,0,0,False,上市时间不足
301631.SZ,301631,301631,壹连科技,创业板,深市,创业板,801880.SI,汽车,801093.SI,汽车零部件,汽车零部件,L,20241122,588,1.61,75.57,-0.33,11.538,False,True,True,0,0,0,0,False,上市时间不足
301632.SZ,301632,301632,广东建科,创业板,深市,创业板,801210.SI,社会服务,801218.SI,专业服务,专业服务,L,20250812,325,0.89,15.78,1.219,7.792,False,True,True,0,0,0,0,False,上市时间不足
301633.SZ,301633,301633,港迪技术,创业板,深市,创业板,801890.SI,机械设备,801078.SI,自动化设备,自动化设备,L,20241107,603,1.65,48.68,2.054,10.345,False,True,True,0,0,0,0,False,上市时间不足
301636.SZ,301636,301636,泽润新能,创业板,深市,创业板,801730.SI,电力设备,801735.SI,光伏设备,光伏设备,L,20250516,413,1.13,42.76,0.968,9.524,False,True,True,0,0,0,0,False,上市时间不足
301638.SZ,301638,301638,南网数字,创业板,深市,创业板,801750.SI,计算机,801103.SI,IT服务Ⅱ,IT服务Ⅱ,L,20251118,227,0.62,23.45,0.514,8.75,False,True,True,0,0,0,0,False,上市时间不足
301656.SZ,301656,301656,联合动力,创业板,深市,创业板,801880.SI,汽车,801093.SI,汽车零部件,汽车零部件,L,20250925,281,0.77,17.86,2.821,11.798,False,True,True,0,0,0,0,False,上市时间不足
301658.SZ,301658,301658,首航新能,创业板,深市,创业板,801730.SI,电力设备,801735.SI,光伏设备,光伏设备,L,20250402,457,1.25,26.64,1.757,7.865,False,True,True,0,0,0,0,False,上市时间不足
301662.SZ,301662,301662,宏工科技,创业板,深市,创业板,801730.SI,电力设备,801737.SI,电池,电池,L,20250417,442,1.21,90.71,-1.09,14.789,False,True,True,0,0,0,0,False,上市时间不足
301665.SZ,301665,301665,泰禾股份,创业板,深市,创业板,801030.SI,基础化工,801038.SI,农化制品,农化制品,L,20250411,448,1.23,22.86,4.91,6.422,False,True,True,0,0,0,0,False,上市时间不足
301666.SZ,301666,301666,大普微,创业板,深市,创业板,801080.SI,电子,801081.SI,半导体,半导体,L,20260416,78,0.21,593.02,-1.622,11.864,False,True,True,0,4,4,4,False,上市时间不足、近60日停牌
301667.SZ,301667,301667,纳百川,创业板,深市,创业板,801880.SI,汽车,801093.SI,汽车零部件,汽车零部件,L,20251223,192,0.53,71.55,1.374,8.38,False,True,True,0,0,0,0,False,上市时间不足
301668.SZ,301668,301668,昊创瑞通,创业板,深市,创业板,801730.SI,电力设备,801738.SI,电网设备,电网设备,L,20250926,280,0.77,33.23,0.911,8.434,False,True,True,0,0,0,0,False,上市时间不足
301669.SZ,301669,301669,高特电子,创业板,深市,创业板,801730.SI,电力设备,801733.SI,其他电源设备Ⅱ,其他电源设备Ⅱ,L,20260609,24,0.07,38.38,-1.615,5.542,False,True,True,0,0,0,0,False,上市时间不足
301678.SZ,301678,301678,新恒汇,创业板,深市,创业板,801080.SI,电子,801081.SI,半导体,半导体,L,20250620,378,1.03,65.92,-2.514,20.961,False,True,True,0,0,0,0,False,上市时间不足
301680.SZ,301680,301680,固德电材,创业板,深市,创业板,801880.SI,汽车,801093.SI,汽车零部件,汽车零部件,L,20260306,119,0.33,110.08,0.447,8.099,False,True,True,0,0,0,0,False,上市时间不足
301682.SZ,301682,301682,宏明电子,创业板,深市,创业板,801740.SI,国防军工,801745.SI,军工电子Ⅱ,军工电子Ⅱ,L,20260325,100,0.27,157.52,-1.049,11.422,False,True,True,0,0,0,0,False,上市时间不足
301683.SZ,301683,301683,慧谷新材,创业板,深市,创业板,801030.SI,基础化工,801034.SI,化学制品,化学制品,L,20260401,93,0.25,138.07,-3.177,7.249,False,True,True,0,0,0,0,False,上市时间不足
301687.SZ,301687,301687,新广益,创业板,深市,创业板,801030.SI,基础化工,801036.SI,塑料,塑料,L,20251231,184,0.5,73.1,-6.282,9.231,False,True,True,0,0,0,0,False,上市时间不足
301696.SZ,301696,301696,三瑞智能,创业板,深市,创业板,801730.SI,电力设备,801731.SI,电机Ⅱ,电机Ⅱ,L,20260410,84,0.23,140.4,3.962,7.918,False,True,True,0,0,0,0,False,上市时间不足
600053.SH,600053,600053,*ST九鼎,主板,沪市,主板,801790.SI,非银金融,801191.SI,多元金融,多元金融,L,19970418,10668,29.21,8.54,2.153,100.0,True,True,True,0,0,2,2,False,ST、近60日停牌
600079.SH,600079,600079,ST人福,主板,沪市,主板,801150.SI,医药生物,801151.SI,化学制药,化学制药,L,19970606,10619,29.07,17.77,3.194,12.088,True,True,True,0,0,0,0,False,ST
600080.SH,600080,600080,ST金花,主板,沪市,主板,801150.SI,医药生物,801155.SI,中药Ⅱ,中药Ⅱ,L,19970612,10613,29.06,5.0,2.881,61.818,True,True,True,0,0,2,2,False,ST、近60日停牌
600082.SH,600082,600082,ST海泰,主板,沪市,主板,801180.SI,房地产,801181.SI,房地产开发,房地产开发,L,19970620,10605,29.03,2.95,4.982,32.258,True,True,True,0,0,2,2,False,ST、近60日停牌
600084.SH,600084,600084,*ST尼雅,主板,沪市,主板,801120.SI,食品饮料,801126.SI,非白酒,非白酒,L,19970711,10584,28.98,4.24,4.95,43.86,True,True,True,0,0,2,2,False,ST、近60日停牌
600107.SH,600107,600107,*ST尔雅,主板,沪市,主板,801130.SI,纺织服饰,801132.SI,服装家纺,服装家纺,L,19971106,10466,28.65,6.21,4.899,16.129,True,True,True,0,0,2,2,False,ST、近60日停牌
600119.SH,600119,600119,*ST长投,主板,沪市,主板,801170.SI,交通运输,801178.SI,物流,物流,L,19980115,10396,28.46,4.88,3.83,20.455,True,True,True,0,0,2,2,False,ST、近60日停牌
600130.SH,600130,600130,波导股份,主板,沪市,主板,801080.SI,电子,801085.SI,消费电子,消费电子,L,20000706,9493,25.99,4.35,0.23,12.766,False,True,True,0,0,2,2,False,近60日停牌
600136.SH,600136,600136,ST明诚,主板,沪市,主板,801180.SI,房地产,801183.SI,房地产服务,房地产服务,L,19980303,10349,28.33,1.46,0.69,25.0,True,True,True,0,0,0,0,False,ST
600165.SH,600165,600165,ST宁科,主板,沪市,主板,801030.SI,基础化工,801034.SI,化学制品,化学制品,L,19980529,10262,28.1,2.89,5.091,37.5,True,True,True,0,0,0,0,False,ST
600169.SH,600169,600169,ST太重,主板,沪市,主板,801890.SI,机械设备,801074.SI,专用设备,专用设备,L,19980904,10164,27.83,2.07,2.475,12.5,True,True,True,0,0,0,0,False,ST
600180.SH,600180,600180,*ST瑞茂,主板,沪市,主板,801170.SI,交通运输,801178.SI,物流,物流,L,19980703,10227,28.0,1.4,1.449,66.667,True,True,True,0,0,2,2,False,ST、近60日停牌
600187.SH,600187,600187,*ST国中,主板,沪市,主板,801970.SI,环保,801971.SI,环境治理,环境治理,L,19981111,10096,27.64,1.47,5.0,21.429,True,True,True,0,0,2,2,False,ST、近60日停牌
600193.SH,600193,600193,退市创兴,主板,沪市,主板,801720.SI,建筑装饰,801722.SI,装修装饰Ⅱ,装修装饰Ⅱ,L,19990527,9899,27.1,,,,False,True,False,6,26,31,31,False,近60日停牌、无最新行情
600228.SH,600228,600228,返利科技,主板,沪市,主板,801760.SI,传媒,801767.SI,数字媒体,数字媒体,L,19990119,10027,27.45,7.21,-4.25,34.118,False,True,True,8,8,8,8,False,近60日停牌
600238.SH,600238,600238,*ST椰岛,主板,沪市,主板,801120.SI,食品饮料,801126.SI,非白酒,非白酒,L,20000120,9661,26.45,4.81,5.022,18.0,True,True,True,0,0,0,0,False,ST
600239.SH,600239,600239,ST云城,主板,沪市,主板,801180.SI,房地产,801181.SI,房地产开发,房地产开发,L,19991202,9710,26.58,1.45,5.072,21.429,True,True,True,0,0,2,2,False,ST、近60日停牌
600243.SH,600243,600243,*ST海华,主板,沪市,主板,801890.SI,机械设备,801072.SI,通用设备,通用设备,L,20001120,9356,25.62,3.64,4.899,15.789,True,True,True,0,0,0,0,False,ST
600265.SH,600265,600265,*ST景谷,主板,沪市,主板,801010.SI,农林牧渔,801011.SI,林业Ⅱ,林业Ⅱ,L,20000825,9443,25.85,24.1,5.011,27.193,True,True,True,0,0,2,2,False,ST、近60日停牌
600289.SH,600289,600289,ST信通,主板,沪市,主板,801770.SI,通信,801223.SI,通信服务,通信服务,L,20000720,9479,25.95,5.84,-3.947,31.25,True,True,True,0,0,0,0,False,ST
600302.SH,600302,600302,ST标准,主板,沪市,主板,801890.SI,机械设备,801074.SI,专用设备,专用设备,L,20001213,9333,25.55,8.42,-2.433,25.773,True,True,True,0,0,2,2,False,ST、近60日停牌
600323.SH,600323,600323,瀚蓝环境,主板,沪市,主板,801970.SI,环保,801971.SI,环境治理,环境治理,L,20001225,9321,25.52,28.31,0.568,14.57,False,True,True,0,0,3,3,False,近60日停牌
600337.SH,600337,600337,ST美克,主板,沪市,主板,801140.SI,轻工制造,801142.SI,家居用品,家居用品,L,20001127,9349,25.6,3.22,3.537,12.903,True,True,True,0,0,2,2,False,ST、近60日停牌
600340.SH,600340,600340,*ST华幸,主板,沪市,主板,801180.SI,房地产,801181.SI,房地产开发,房地产开发,L,20031230,8221,22.51,1.22,0.826,33.333,True,True,True,0,0,2,2,False,ST、近60日停牌
600358.SH,600358,600358,国旅联合,主板,沪市,主板,801760.SI,传媒,801765.SI,广告营销,广告营销,L,20000922,9415,25.78,5.45,1.301,25.0,False,True,True,0,0,2,2,False,近60日停牌
600360.SH,600360,600360,华微电子,主板,沪市,主板,801080.SI,电子,801081.SI,半导体,半导体,L,20010316,9240,25.3,14.96,6.099,9.028,False,True,True,0,2,2,2,False,近60日停牌
600365.SH,600365,600365,ST通葡,主板,沪市,主板,801200.SI,商贸零售,801206.SI,互联网电商,互联网电商,L,20010115,9300,25.46,2.57,1.581,25.0,True,True,True,0,0,0,0,False,ST
600370.SH,600370,600370,*ST三房,主板,沪市,主板,801030.SI,基础化工,801032.SI,化学纤维,化学纤维,L,20030306,8520,23.33,1.65,-1.198,80.0,True,True,True,0,0,2,2,False,ST、近60日停牌
600381.SH,600381,600381,*ST春天,主板,沪市,主板,801120.SI,食品饮料,801124.SI,食品加工,食品加工,L,20010508,9187,25.15,5.12,-1.158,41.176,True,True,True,0,0,0,0,False,ST
600421.SH,600421,600421,退市华嵘,主板,沪市,主板,801890.SI,机械设备,801072.SI,通用设备,通用设备,L,20040607,8061,22.07,,,,False,True,False,9,26,29,29,False,近60日停牌、无最新行情
600423.SH,600423,600423,*ST柳化,主板,沪市,主板,801030.SI,基础化工,801033.SI,化学原料,化学原料,L,20030717,8387,22.96,2.59,4.436,21.429,True,True,True,0,0,2,2,False,ST、近60日停牌
600476.SH,600476,600476,*ST湘邮,主板,沪市,主板,801750.SI,计算机,801103.SI,IT服务Ⅱ,IT服务Ⅱ,L,20031210,8241,22.56,9.39,2.623,12.644,True,True,True,0,0,2,2,False,ST、近60日停牌
600491.SH,600491,600491,ST龙元,主板,沪市,主板,801720.SI,建筑装饰,801721.SI,房屋建设Ⅱ,房屋建设Ⅱ,L,20040524,8075,22.11,,,,True,True,False,1,1,3,3,False,ST、近60日停牌、无最新行情
600525.SH,600525,600525,ST长园,主板,沪市,主板,801730.SI,电力设备,801738.SI,电网设备,电网设备,L,20021202,8614,23.58,5.25,0.575,11.538,True,True,True,0,0,0,0,False,ST
600537.SH,600537,600537,*ST亿晶,主板,沪市,主板,801730.SI,电力设备,801735.SI,光伏设备,光伏设备,L,20030123,8562,23.44,2.74,-0.364,23.077,True,True,True,0,0,2,2,False,ST、近60日停牌
600543.SH,600543,600543,*ST莫高,主板,沪市,主板,801120.SI,食品饮料,801126.SI,非白酒,非白酒,L,20040324,8136,22.28,4.05,0.496,30.0,True,True,True,0,0,2,2,False,ST、近60日停牌
600568.SH,600568,600568,ST中珠,主板,沪市,主板,801150.SI,医药生物,801156.SI,医疗服务,医疗服务,L,20010518,9177,25.13,2.36,-3.674,23.077,True,True,True,0,0,0,0,False,ST
600581.SH,600581,600581,*ST八钢,主板,沪市,主板,801040.SI,钢铁,801044.SI,普钢,普钢,L,20020816,8722,23.88,2.36,3.057,23.077,True,True,True,0,0,0,2,False,ST
600599.SH,600599,600599,退市熊猫,主板,沪市,主板,801790.SI,非银金融,801191.SI,多元金融,多元金融,L,20010828,9075,24.85,,,,False,True,False,9,26,29,35,False,近60日停牌、无最新行情
600608.SH,600608,600608,退市沪科,主板,沪市,主板,801200.SI,商贸零售,801202.SI,贸易Ⅱ,贸易Ⅱ,L,19920327,12516,34.27,,,,False,True,False,6,26,29,29,False,近60日停牌、无最新行情
600624.SH,600624,600624,ST复华,主板,沪市,主板,801150.SI,医药生物,801151.SI,化学制药,化学制药,L,19930105,12232,33.49,3.77,5.014,21.212,True,True,True,0,0,0,0,False,ST
600636.SH,600636,600636,退市国化,主板,沪市,主板,801210.SI,社会服务,801994.SI,教育,教育,L,19930316,12162,33.3,,,,False,True,False,9,26,29,29,False,近60日停牌、无最新行情
600678.SH,600678,600678,ST金顶,主板,沪市,主板,801710.SI,建筑材料,801711.SI,水泥,水泥,L,19931008,11956,32.73,7.1,2.158,8.955,True,True,True,0,0,2,2,False,ST、近60日停牌
600696.SH,600696,600696,退市岩石,主板,沪市,主板,801120.SI,食品饮料,801125.SI,白酒Ⅱ,白酒Ⅱ,L,19931206,11897,32.57,,,,False,True,False,9,26,29,29,False,近60日停牌、无最新行情
600717.SH,600717,600717,天津港,主板,沪市,主板,801170.SI,交通运输,801992.SI,航运港口,航运港口,L,19960614,10976,30.05,4.06,1.5,13.333,False,True,True,10,10,10,10,False,近60日停牌
600721.SH,600721,600721,百花医药,主板,沪市,主板,801150.SI,医药生物,801156.SI,医疗服务,医疗服务,L,19960626,10964,30.02,6.96,0.87,13.433,False,True,True,0,0,2,6,False,近60日停牌
600730.SH,600730,600730,*ST高科,主板,沪市,主板,801210.SI,社会服务,801994.SI,教育,教育,L,19960726,10934,29.94,12.16,5.009,22.414,True,True,True,0,0,2,2,False,ST、近60日停牌
600734.SH,600734,600734,*ST实达,主板,沪市,主板,801770.SI,通信,801102.SI,通信设备,通信设备,L,19960808,10921,29.9,1.74,4.819,25.0,True,True,True,0,0,2,2,False,ST、近60日停牌
600735.SH,600735,600735,ST新华锦,主板,沪市,主板,801130.SI,纺织服饰,801133.SI,饰品,饰品,L,19960726,10934,29.94,6.6,0.304,12.308,True,True,True,0,0,15,42,False,ST、近60日停牌
600745.SH,600745,600745,*ST闻泰,主板,沪市,主板,801080.SI,电子,801081.SI,半导体,半导体,L,19960828,10901,29.85,18.25,4.345,20.0,True,True,True,0,0,2,2,False,ST、近60日停牌
600753.SH,600753,600753,ST海钦,主板,沪市,主板,801170.SI,交通运输,801178.SI,物流,物流,L,19960927,10871,29.76,11.87,4.032,22.764,True,True,True,2,2,2,2,False,ST、近60日停牌
600759.SH,600759,600759,ST洲际,主板,沪市,主板,801960.SI,石油石化,801961.SI,油气开采Ⅱ,油气开采Ⅱ,L,19961008,10860,29.73,2.12,4.95,25.0,True,True,True,0,0,2,2,False,ST、近60日停牌
600777.SH,600777,600777,新潮能源,主板,沪市,主板,801960.SI,石油石化,801961.SI,油气开采Ⅱ,油气开采Ⅱ,L,19961121,10816,29.61,4.3,1.415,33.929,True,True,True,2,2,2,2,False,ST、近60日停牌
600818.SH,600818,600818,ST中路,主板,沪市,主板,801880.SI,汽车,801881.SI,摩托车及其他,摩托车及其他,L,19940128,11844,32.43,6.05,0.666,14.286,True,True,True,0,0,2,2,False,ST、近60日停牌
600889.SH,600889,600889,*ST京化,主板,沪市,主板,801030.SI,基础化工,801032.SI,化学纤维,化学纤维,L,19960308,11074,30.32,16.77,4.421,10.127,True,True,True,0,0,2,2,False,ST、近60日停牌
600892.SH,600892,600892,大晟文化,主板,沪市,主板,801760.SI,传媒,801764.SI,游戏Ⅱ,游戏Ⅱ,L,19960315,11067,30.3,3.54,-4.839,13.889,False,True,True,2,2,2,2,False,近60日停牌
600930.SH,600930,600930,华电新能,主板,沪市,主板,801160.SI,公用事业,801161.SI,电力,电力,L,20250716,352,0.96,4.9,1.24,12.245,False,True,True,0,0,0,0,False,上市时间不足
600958.SH,600958,600958,东方证券,主板,沪市,主板,801790.SI,非银金融,801193.SI,证券Ⅱ,证券Ⅱ,L,20150323,4120,11.28,9.56,0.105,14.583,False,True,True,0,0,11,11,False,近60日停牌
600965.SH,600965,600965,*ST福成,主板,沪市,主板,801010.SI,农林牧渔,801017.SI,养殖业,养殖业,L,20040713,8025,21.97,2.8,1.818,29.63,True,True,True,0,0,2,2,False,ST、近60日停牌
601003.SH,601003,601003,柳钢股份,主板,沪市,主板,801040.SI,钢铁,801044.SI,普钢,普钢,L,20070227,7066,19.35,3.47,-0.573,37.778,False,True,True,0,1,9,9,False,近60日停牌
601010.SH,601010,601010,ST文峰,主板,沪市,主板,801200.SI,商贸零售,801203.SI,一般零售,一般零售,L,20110603,5509,15.08,1.61,5.229,20.0,True,True,True,0,3,5,5,False,ST、近60日停牌
601020.SH,601020,601020,华钰矿业,主板,沪市,主板,801050.SI,有色金属,801055.SI,工业金属,工业金属,L,20160316,3761,10.3,23.77,0.0,8.642,False,True,True,0,0,5,6,False,近60日停牌
601026.SH,601026,601026,道生天合,主板,沪市,主板,801030.SI,基础化工,801036.SI,塑料,塑料,L,20251017,259,0.71,14.91,1.429,8.163,False,True,True,0,0,0,0,False,上市时间不足
601112.SH,601112,601112,振石股份,主板,沪市,主板,801710.SI,建筑材料,801712.SI,玻璃玻纤,玻璃玻纤,L,20260129,155,0.42,17.15,0.175,5.682,False,True,True,0,0,0,0,False,上市时间不足
601369.SH,601369,601369,陕鼓动力,主板,沪市,主板,801890.SI,机械设备,801074.SI,专用设备,专用设备,L,20100428,5910,16.18,,,,False,True,False,5,5,5,5,False,近60日停牌、无最新行情
601718.SH,601718,601718,ST际华,主板,沪市,主板,801130.SI,纺织服饰,801132.SI,服装家纺,服装家纺,L,20100816,5800,15.88,1.67,5.031,100.0,True,True,True,0,0,2,2,False,ST、近60日停牌
603001.SH,603001,603001,奥康国际,主板,沪市,主板,801130.SI,纺织服饰,801132.SI,服装家纺,服装家纺,L,20120426,5181,14.18,11.46,-9.976,29.31,False,True,True,6,6,6,6,False,近60日停牌
603007.SH,603007,603007,顺景科技,主板,沪市,主板,801720.SI,建筑装饰,801723.SI,基础建设,基础建设,L,20160826,3598,9.85,6.0,2.041,13.333,False,True,True,0,0,2,2,False,近60日停牌
603008.SH,603008,603008,ST喜临门,主板,沪市,主板,801140.SI,轻工制造,801142.SI,家居用品,家居用品,L,20120717,5099,13.96,8.41,-0.942,16.279,True,True,True,0,0,2,2,False,ST、近60日停牌
603014.SH,603014,603014,威高血净,主板,沪市,主板,801150.SI,医药生物,801153.SI,医疗器械,医疗器械,L,20250519,410,1.12,35.98,2.361,13.314,False,True,True,0,0,0,0,False,上市时间不足
603021.SH,603021,603021,*ST华鹏,主板,沪市,主板,801140.SI,轻工制造,801142.SI,家居用品,家居用品,L,20150423,4089,11.2,7.47,2.751,17.647,True,True,True,0,0,2,2,False,ST、近60日停牌
603049.SH,603049,603049,中策橡胶,主板,沪市,主板,801880.SI,汽车,801093.SI,汽车零部件,汽车零部件,L,20250605,393,1.08,46.65,3.208,5.628,False,True,True,0,0,0,0,False,上市时间不足
603072.SH,603072,603072,天和磁材,主板,沪市,主板,801050.SI,有色金属,801051.SI,金属新材料,金属新材料,L,20250103,546,1.49,40.05,-0.324,6.667,False,True,True,0,0,0,0,False,上市时间不足
603091.SH,603091,603091,众鑫股份,主板,沪市,主板,801140.SI,轻工制造,801141.SI,包装印刷,包装印刷,L,20240920,651,1.78,50.85,3.039,19.512,False,True,True,0,0,0,0,False,上市时间不足
603092.SH,603092,603092,德力佳,主板,沪市,主板,801730.SI,电力设备,801736.SI,风电设备,风电设备,L,20251107,238,0.65,54.34,3.034,8.148,False,True,True,0,0,0,0,False,上市时间不足
603120.SH,603120,603120,肯特催化,主板,沪市,主板,801030.SI,基础化工,801034.SI,化学制品,化学制品,L,20250416,443,1.21,57.27,-5.135,7.458,False,True,True,0,0,0,0,False,上市时间不足
603124.SH,603124,603124,江南新材,主板,沪市,主板,801050.SI,有色金属,801051.SI,金属新材料,金属新材料,L,20250320,470,1.29,172.63,-0.116,13.725,False,True,True,0,0,0,0,False,上市时间不足
603137.SH,603137,603137,恒尚节能,主板,沪市,主板,801720.SI,建筑装饰,801722.SI,装修装饰Ⅱ,装修装饰Ⅱ,L,20230419,1171,3.21,17.22,10.032,24.699,False,True,True,11,11,11,11,False,近60日停牌
603159.SH,603159,603159,上海亚虹,主板,沪市,主板,801890.SI,机械设备,801074.SI,专用设备,专用设备,L,20160812,3612,9.89,17.7,-5.043,46.154,False,True,True,6,6,6,6,False,近60日停牌
603175.SH,603175,603175,超颖电子,主板,沪市,主板,801080.SI,电子,801083.SI,元件,元件,L,20251024,252,0.69,85.71,-1.63,7.191,False,True,True,0,0,0,0,False,上市时间不足
603182.SH,603182,603182,嘉华股份,主板,沪市,主板,801010.SI,农林牧渔,801012.SI,农产品加工,农产品加工,L,20220909,1393,3.81,12.19,2.437,22.556,False,True,True,0,0,3,6,False,近60日停牌
603189.SH,603189,603189,*ST网达,主板,沪市,主板,801750.SI,计算机,801104.SI,软件开发,软件开发,L,20160914,3579,9.8,11.2,-1.926,25.455,True,True,True,0,0,2,2,False,ST、近60日停牌
603194.SH,603194,603194,中力股份,主板,沪市,主板,801890.SI,机械设备,801077.SI,工程机械,工程机械,L,20241224,556,1.52,35.28,0.513,10.674,False,True,True,0,0,0,0,False,上市时间不足
603202.SH,603202,603202,天有为,主板,沪市,主板,801880.SI,汽车,801093.SI,汽车零部件,汽车零部件,L,20250424,435,1.19,51.95,2.668,12.5,False,True,True,0,0,0,0,False,上市时间不足
603205.SH,603205,603205,健尔康,主板,沪市,主板,801150.SI,医药生物,801153.SI,医疗器械,医疗器械,L,20241107,603,1.65,21.48,1.897,9.524,False,True,True,0,0,0,0,False,上市时间不足
603207.SH,603207,603207,小方制药,主板,沪市,主板,801150.SI,医药生物,801151.SI,化学制药,化学制药,L,20240826,676,1.85,23.59,1.506,7.207,False,True,True,0,0,0,0,False,上市时间不足
603210.SH,603210,603210,泰鸿万立,主板,沪市,主板,801880.SI,汽车,801093.SI,汽车零部件,汽车零部件,L,20250409,450,1.23,14.01,1.302,13.669,False,True,True,0,0,0,0,False,上市时间不足
603248.SH,603248,603248,锡华科技,主板,沪市,主板,801730.SI,电力设备,801736.SI,风电设备,风电设备,L,20251223,192,0.53,21.54,3.607,4.739,False,True,True,0,0,0,0,False,上市时间不足
603257.SH,603257,603257,中国瑞林,主板,沪市,主板,801720.SI,建筑装饰,801726.SI,工程咨询服务Ⅱ,工程咨询服务Ⅱ,L,20250408,451,1.23,84.0,-0.237,9.046,False,True,True,0,0,0,0,False,上市时间不足
603261.SH,603261,603261,立航科技,主板,沪市,主板,801740.SI,国防军工,801742.SI,航空装备Ⅱ,航空装备Ⅱ,L,20220315,1571,4.3,51.29,3.491,21.875,False,True,True,2,2,2,2,False,近60日停牌
603262.SH,603262,603262,技源集团,主板,沪市,主板,801120.SI,食品饮料,801124.SI,食品加工,食品加工,L,20250723,345,0.94,25.84,5.513,19.844,False,True,True,0,0,0,0,False,上市时间不足
603268.SH,603268,603268,松发股份,主板,沪市,主板,801740.SI,国防军工,801744.SI,航海装备Ⅱ,航海装备Ⅱ,L,20150319,4124,11.29,148.5,1.386,11.57,False,True,True,0,0,2,2,False,近60日停牌
603271.SH,603271,603271,永杰新材,主板,沪市,主板,801050.SI,有色金属,801055.SI,工业金属,工业金属,L,20250311,479,1.31,46.05,0.987,14.783,False,True,True,0,0,0,0,False,上市时间不足
603272.SH,603272,603272,*ST联翔,主板,沪市,主板,801140.SI,轻工制造,801142.SI,家居用品,家居用品,L,20220520,1505,4.12,25.11,-4.994,57.831,True,True,True,0,0,2,2,False,ST、近60日停牌
603284.SH,603284,603284,林平发展,主板,沪市,主板,801140.SI,轻工制造,801143.SI,造纸,造纸,L,20260210,143,0.39,39.71,5.668,9.677,False,True,True,0,0,0,0,False,上市时间不足
603285.SH,603285,603285,键邦股份,主板,沪市,主板,801030.SI,基础化工,801034.SI,化学制品,化学制品,L,20240705,728,1.99,46.52,2.174,10.3,False,True,True,0,0,0,0,False,上市时间不足
603293.SH,603293,603293,埃泰克,主板,沪市,主板,801880.SI,汽车,801093.SI,汽车零部件,汽车零部件,L,20260416,78,0.21,41.95,3.274,8.333,False,True,True,0,0,0,0,False,上市时间不足
603310.SH,603310,603310,巍华新材,主板,沪市,主板,801030.SI,基础化工,801034.SI,化学制品,化学制品,L,20240814,688,1.88,15.8,-3.127,12.5,False,True,True,0,0,0,0,False,上市时间不足
603311.SH,603311,603311,金海高科,主板,沪市,主板,801110.SI,家用电器,801116.SI,家电零部件Ⅱ,家电零部件Ⅱ,L,20150518,4064,11.13,33.0,-0.542,15.556,False,True,True,0,6,6,6,False,近60日停牌
603334.SH,603334,603334,丰倍生物,主板,沪市,主板,801030.SI,基础化工,801034.SI,化学制品,化学制品,L,20251105,240,0.66,35.54,1.081,9.917,False,True,True,0,0,0,0,False,上市时间不足
603352.SH,603352,603352,至信股份,主板,沪市,主板,801880.SI,汽车,801093.SI,汽车零部件,汽车零部件,L,20260115,169,0.46,27.22,2.446,9.16,False,True,True,0,0,0,0,False,上市时间不足
603359.SH,603359,603359,*ST东珠,主板,沪市,主板,801720.SI,建筑装饰,801723.SI,基础建设,基础建设,L,20170901,3227,8.84,2.33,2.193,22.727,True,True,True,0,0,2,2,False,ST、近60日停牌
603370.SH,603370,603370,华新精科,主板,沪市,主板,801730.SI,电力设备,801731.SI,电机Ⅱ,电机Ⅱ,L,20250905,301,0.82,38.28,3.07,13.187,False,True,True,0,0,0,0,False,上市时间不足
603376.SH,603376,603376,大明电子,主板,沪市,主板,801880.SI,汽车,801093.SI,汽车零部件,汽车零部件,L,20251106,239,0.65,25.68,2.556,11.719,False,True,True,0,0,0,0,False,上市时间不足
603377.SH,603377,603377,ST东时,主板,沪市,主板,801210.SI,社会服务,801994.SI,教育,教育,L,20160205,3801,10.41,2.96,4.965,22.222,True,True,True,0,0,0,0,False,ST
603378.SH,603378,603378,*ST亚士,主板,沪市,主板,801710.SI,建筑材料,801713.SI,装修建材,装修建材,L,20170928,3200,8.76,5.41,5.048,19.231,True,True,True,0,0,2,2,False,ST、近60日停牌
603382.SH,603382,603382,海阳科技,主板,沪市,主板,801030.SI,基础化工,801032.SI,化学纤维,化学纤维,L,20250612,386,1.06,17.91,2.695,12.644,False,True,True,0,0,0,0,False,上市时间不足
603389.SH,603389,603389,亚振家居,主板,沪市,主板,801140.SI,轻工制造,801142.SI,家居用品,家居用品,L,20161215,3487,9.55,57.99,-5.86,15.528,False,True,True,2,2,2,2,False,近60日停牌
603391.SH,603391,603391,力聚热能,主板,沪市,主板,801890.SI,机械设备,801074.SI,专用设备,专用设备,L,20240731,702,1.92,56.79,0.87,7.143,False,True,True,0,0,0,0,False,上市时间不足
603395.SH,603395,603395,红四方,主板,沪市,主板,801030.SI,基础化工,801038.SI,农化制品,农化制品,L,20241126,584,1.6,20.82,-0.526,10.68,False,True,True,0,0,0,0,False,上市时间不足
603398.SH,603398,603398,*ST沐邦,主板,沪市,主板,801730.SI,电力设备,801735.SI,光伏设备,光伏设备,L,20151209,3859,10.57,14.32,-4.406,20.0,True,True,True,0,0,0,0,False,ST
603400.SH,603400,603400,华之杰,主板,沪市,主板,801890.SI,机械设备,801072.SI,通用设备,通用设备,L,20250620,378,1.03,54.54,0.739,14.595,False,True,True,0,0,0,0,False,上市时间不足
603402.SH,603402,603402,陕西旅游,主板,沪市,主板,801210.SI,社会服务,801993.SI,旅游及景区,旅游及景区,L,20260106,178,0.49,61.35,0.921,10.526,False,True,True,0,0,0,0,False,上市时间不足
603406.SH,603406,603406,天富龙,主板,沪市,主板,801030.SI,基础化工,801032.SI,化学纤维,化学纤维,L,20250808,329,0.9,26.82,0.789,7.634,False,True,True,0,0,0,0,False,上市时间不足
603407.SH,603407,603407,长裕集团,主板,沪市,主板,801050.SI,有色金属,801054.SI,小金属,小金属,L,20260511,53,0.15,97.81,-2.88,8.515,False,True,True,0,1,1,1,False,上市时间不足、近60日停牌
603409.SH,603409,603409,汇通控股,主板,沪市,主板,801880.SI,汽车,801093.SI,汽车零部件,汽车零部件,L,20250304,486,1.33,19.69,3.251,9.677,False,True,True,0,0,0,0,False,上市时间不足
603418.SH,603418,603418,友升股份,主板,沪市,主板,801880.SI,汽车,801093.SI,汽车零部件,汽车零部件,L,20250923,283,0.77,46.75,0.021,12.174,False,True,True,0,0,0,0,False,上市时间不足
603429.SH,603429,603429,*ST集友,主板,沪市,主板,801140.SI,轻工制造,801141.SI,包装印刷,包装印刷,L,20170124,3447,9.44,8.65,-1.816,18.75,True,True,True,0,0,0,2,False,ST
603435.SH,603435,603435,嘉德利,主板,沪市,主板,801030.SI,基础化工,801036.SI,塑料,塑料,L,20260522,42,0.11,62.13,-3.164,8.485,False,True,True,0,1,1,1,False,上市时间不足、近60日停牌
603459.SH,603459,603459,红板科技,主板,沪市,主板,801080.SI,电子,801083.SI,元件,元件,L,20260408,86,0.24,97.9,1.293,12.826,False,True,True,0,0,0,0,False,上市时间不足
603517.SH,603517,603517,ST绝味,主板,沪市,主板,801120.SI,食品饮料,801128.SI,休闲食品,休闲食品,L,20170317,3395,9.3,10.59,1.827,33.333,True,True,True,0,0,0,0,False,ST
603557.SH,603557,603557,*ST起步,主板,沪市,主板,801130.SI,纺织服饰,801132.SI,服装家纺,服装家纺,L,20170818,3241,8.87,4.41,5.0,22.727,True,True,True,0,0,2,2,False,ST、近60日停牌
603559.SH,603559,603559,中通国脉,主板,沪市,主板,801770.SI,通信,801223.SI,通信服务,通信服务,L,20161202,3500,9.58,9.91,9.989,26.744,True,True,True,2,2,2,2,False,ST、近60日停牌
603580.SH,603580,603580,艾艾精工,主板,沪市,主板,801030.SI,基础化工,801036.SI,塑料,塑料,L,20170525,3326,9.11,30.13,10.004,40.833,False,True,True,2,2,2,2,False,近60日停牌
603595.SH,603595,603595,ST东尼,主板,沪市,主板,801080.SI,电子,801085.SI,消费电子,消费电子,L,20170712,3278,8.97,36.0,0.953,65.854,True,True,True,0,0,0,0,False,ST
603718.SH,603718,603718,*ST海利,主板,沪市,主板,801150.SI,医药生物,801153.SI,医疗器械,医疗器械,L,20150515,4067,11.13,3.0,3.093,37.5,True,True,True,0,0,2,2,False,ST、近60日停牌
603721.SH,603721,603721,中广天择,主板,沪市,主板,801760.SI,传媒,801766.SI,影视院线,影视院线,L,20170811,3248,8.89,17.61,-0.283,29.688,False,True,True,6,8,8,8,False,近60日停牌
603722.SH,603722,603722,阿科力,主板,沪市,主板,801030.SI,基础化工,801034.SI,化学制品,化学制品,L,20171025,3173,8.69,,,,False,True,False,5,5,5,5,False,近60日停牌、无最新行情
603729.SH,603729,603729,ST龙韵,主板,沪市,主板,801760.SI,传媒,801765.SI,广告营销,广告营销,L,20150324,4119,11.28,11.49,0.878,12.037,True,True,True,0,0,2,2,False,ST、近60日停牌
603779.SH,603779,603779,威龙股份,主板,沪市,主板,801120.SI,食品饮料,801126.SI,非白酒,非白酒,L,20160516,3700,10.13,8.25,3.904,7.595,False,True,True,0,4,6,6,False,近60日停牌
603789.SH,603789,603789,ST星农,主板,沪市,主板,801890.SI,机械设备,801074.SI,专用设备,专用设备,L,20150427,4085,11.18,6.35,4.959,14.286,True,True,True,6,8,8,8,False,ST、近60日停牌
603813.SH,603813,603813,原尚股份,主板,沪市,主板,801170.SI,交通运输,801178.SI,物流,物流,L,20170918,3210,8.79,34.55,-3.221,27.174,False,True,True,2,2,2,2,False,近60日停牌
603822.SH,603822,603822,ST嘉澳,主板,沪市,主板,801030.SI,基础化工,801034.SI,化学制品,化学制品,L,20160428,3718,10.18,75.18,5.0,25.352,True,True,True,0,0,0,0,False,ST
603825.SH,603825,603825,ST华扬,主板,沪市,主板,801760.SI,传媒,801765.SI,广告营销,广告营销,L,20170802,3257,8.92,7.24,1.828,12.121,True,True,True,0,0,0,0,False,ST
603828.SH,603828,603828,*ST利达,主板,沪市,主板,801720.SI,建筑装饰,801722.SI,装修装饰Ⅱ,装修装饰Ⅱ,L,20150226,4145,11.35,4.64,4.977,50.0,True,True,True,0,0,2,2,False,ST、近60日停牌
603838.SH,603838,603838,*ST四通,主板,沪市,主板,801140.SI,轻工制造,801142.SI,家居用品,家居用品,L,20150701,4020,11.01,9.22,0.545,25.0,True,True,True,0,0,0,0,False,ST
603843.SH,603843,603843,*ST正平,主板,沪市,主板,801720.SI,建筑装饰,801723.SI,基础建设,基础建设,L,20160905,3588,9.82,8.2,-2.844,10.714,True,True,True,0,0,0,6,False,ST
603869.SH,603869,603869,ST智知,主板,沪市,主板,801750.SI,计算机,801103.SI,IT服务Ⅱ,IT服务Ⅱ,L,20150326,4117,11.27,8.58,2.509,40.625,True,True,True,0,0,0,0,False,ST
603922.SH,603922,603922,ST金鸿顺,主板,沪市,主板,801880.SI,汽车,801093.SI,汽车零部件,汽车零部件,L,20171023,3175,8.69,13.5,4.977,48.718,True,True,True,0,0,2,2,False,ST、近60日停牌
603933.SH,603933,603933,睿能科技,主板,沪市,主板,801080.SI,电子,801082.SI,其他电子Ⅱ,其他电子Ⅱ,L,20170706,3284,8.99,23.65,3.865,13.675,False,True,True,0,0,4,11,False,近60日停牌
603950.SH,603950,603950,长源东谷,主板,沪市,主板,801880.SI,汽车,801093.SI,汽车零部件,汽车零部件,L,20200526,2229,6.1,83.72,3.154,19.811,False,True,True,0,0,2,11,False,近60日停牌
603959.SH,603959,603959,ST百利,主板,沪市,主板,801720.SI,建筑装饰,801724.SI,专业工程,专业工程,L,20160517,3699,10.13,4.66,3.097,18.182,True,True,True,0,0,2,2,False,ST、近60日停牌
605081.SH,605081,605081,退市太和,主板,沪市,主板,801970.SI,环保,801971.SI,环境治理,环境治理,L,20210209,1970,5.39,,,,False,True,False,6,26,29,29,False,近60日停牌、无最新行情
605199.SH,605199,605199,ST葫芦娃,主板,沪市,主板,801150.SI,医药生物,801155.SI,中药Ⅱ,中药Ⅱ,L,20200710,2184,5.98,6.01,5.07,24.138,True,True,True,0,0,0,0,False,ST
605336.SH,605336,605336,*ST帅电,主板,沪市,主板,801110.SI,家用电器,801114.SI,厨卫电器,厨卫电器,L,20201019,2083,5.7,12.18,-4.844,23.899,True,True,True,0,0,2,2,False,ST、近60日停牌
688022.SH,688022,688022,ST瀚川,科创板,沪市,科创板,801890.SI,机械设备,801074.SI,专用设备,专用设备,L,20190722,2538,6.95,8.49,2.413,28.571,True,True,True,0,0,2,2,False,ST、近60日停牌
688033.SH,688033,688033,*ST天宜,科创板,沪市,科创板,801890.SI,机械设备,801076.SI,轨交设备Ⅱ,轨交设备Ⅱ,L,20190722,2538,6.95,6.9,7.981,33.333,True,True,True,0,0,2,2,False,ST、近60日停牌
688053.SH,688053,688053,ST思科瑞,科创板,沪市,科创板,801740.SI,国防军工,801745.SI,军工电子Ⅱ,军工电子Ⅱ,L,20220708,1456,3.99,40.0,6.411,18.557,True,True,True,0,0,0,0,False,ST
688066.SH,688066,688066,*ST航图,科创板,沪市,科创板,801750.SI,计算机,801103.SI,IT服务Ⅱ,IT服务Ⅱ,L,20190722,2538,6.95,12.37,4.565,21.429,True,True,True,0,0,2,2,False,ST、近60日停牌
688072.SH,688072,688072,拓荆科技,科创板,沪市,科创板,801080.SI,电子,801081.SI,半导体,半导体,L,20220420,1535,4.2,,,,False,True,False,5,5,5,5,False,近60日停牌、无最新行情
688076.SH,688076,688076,ST诺泰,科创板,沪市,科创板,801150.SI,医药生物,801151.SI,化学制药,化学制药,L,20210520,1870,5.12,29.39,-0.136,31.667,True,True,True,0,0,0,0,False,ST
688121.SH,688121,688121,卓然股份,科创板,沪市,科创板,801890.SI,机械设备,801074.SI,专用设备,专用设备,L,20210906,1761,4.82,,,,False,True,False,20,40,42,42,False,近60日停牌、无最新行情
688143.SH,688143,688143,长盈通,科创板,沪市,科创板,801770.SI,通信,801102.SI,通信设备,通信设备,L,20221212,1299,3.56,163.32,3.184,38.889,False,True,True,4,4,4,4,False,近60日停牌
688146.SH,688146,688146,中船特气,科创板,沪市,科创板,801080.SI,电子,801081.SI,半导体,半导体,L,20230421,1169,3.2,330.14,-9.551,12.903,False,True,True,4,4,4,4,False,近60日停牌
688184.SH,688184,688184,ST帕瓦,科创板,沪市,科创板,801730.SI,电力设备,801737.SI,电池,电池,L,20220919,1383,3.79,12.2,3.918,24.194,True,True,True,0,0,0,0,False,ST
688189.SH,688189,688189,ST南新,科创板,沪市,科创板,801150.SI,医药生物,801151.SI,化学制药,化学制药,L,20200326,2290,6.27,6.4,2.564,43.75,True,True,True,2,2,2,2,False,ST、近60日停牌
688193.SH,688193,688193,仁度生物,科创板,沪市,科创板,801150.SI,医药生物,801153.SI,医疗器械,医疗器械,L,20220330,1556,4.26,51.7,3.982,11.429,False,True,True,0,6,6,6,False,近60日停牌
688201.SH,688201,688201,ST信安,科创板,沪市,科创板,801750.SI,计算机,801104.SI,软件开发,软件开发,L,20210421,1899,5.2,7.63,4.521,24.39,True,True,True,0,0,2,2,False,ST、近60日停牌
688260.SH,688260,688260,昀冢科技,科创板,沪市,科创板,801080.SI,电子,801085.SI,消费电子,消费电子,L,20210406,1914,5.24,99.49,-10.28,28.873,False,True,True,4,4,4,4,False,近60日停牌
688270.SH,688270,688270,ST臻镭,科创板,沪市,科创板,801080.SI,电子,801081.SI,半导体,半导体,L,20220127,1618,4.43,92.4,13.555,23.684,True,True,True,0,0,2,2,False,ST、近60日停牌
688411.SH,688411,688411,海博思创,科创板,沪市,科创板,801730.SI,电力设备,801733.SI,其他电源设备Ⅱ,其他电源设备Ⅱ,L,20250127,522,1.43,251.15,-1.783,10.959,False,True,True,0,0,0,0,False,上市时间不足
688449.SH,688449,688449,联芸科技,科创板,沪市,科创板,801080.SI,电子,801081.SI,半导体,半导体,L,20241129,581,1.59,80.33,-1.653,16.149,False,True,True,0,0,0,0,False,上市时间不足
688496.SH,688496,688496,*ST清越,科创板,沪市,科创板,801080.SI,电子,801084.SI,光学光电子,光学光电子,L,20221228,1283,3.51,0.86,-2.273,40.0,True,True,True,0,2,4,4,False,ST、近60日停牌
688511.SH,688511,688511,天微电子,科创板,沪市,科创板,801740.SI,国防军工,801745.SI,军工电子Ⅱ,军工电子Ⅱ,L,20210730,1799,4.93,31.26,0.839,25.0,False,True,True,0,0,2,2,False,近60日停牌
688531.SH,688531,688531,日联科技,科创板,沪市,科创板,801890.SI,机械设备,801074.SI,专用设备,专用设备,L,20230331,1190,3.26,180.0,5.882,8.791,False,True,True,0,0,11,11,False,近60日停牌
688545.SH,688545,688545,兴福电子,科创板,沪市,科创板,801080.SI,电子,801086.SI,电子化学品Ⅱ,电子化学品Ⅱ,L,20250122,527,1.44,112.81,-10.162,19.38,False,True,True,0,0,0,0,False,上市时间不足
688583.SH,688583,688583,思看科技,科创板,沪市,科创板,801890.SI,机械设备,801072.SI,通用设备,通用设备,L,20250115,534,1.46,83.0,1.803,15.278,False,True,True,0,0,0,0,False,上市时间不足
688605.SH,688605,688605,先锋精科,科创板,沪市,科创板,801080.SI,电子,801081.SI,半导体,半导体,L,20241212,568,1.56,100.0,2.386,9.728,False,True,True,0,0,0,0,False,上市时间不足
688615.SH,688615,688615,合合信息,科创板,沪市,科创板,801750.SI,计算机,801104.SI,软件开发,软件开发,L,20240926,645,1.77,109.5,-2.075,18.919,False,True,True,0,0,0,0,False,上市时间不足
688622.SH,688622,688622,*ST禾信,科创板,沪市,科创板,801890.SI,机械设备,801072.SI,通用设备,通用设备,L,20210913,1754,4.8,127.88,-0.102,44.371,True,True,True,0,0,2,2,False,ST、近60日停牌
688635.SH,688635,688635,长进光子,科创板,沪市,科创板,801770.SI,通信,801102.SI,通信设备,通信设备,L,20260527,37,0.1,397.0,0.379,13.492,False,True,True,0,0,0,0,False,上市时间不足
688646.SH,688646,688646,ST逸飞,科创板,沪市,科创板,801890.SI,机械设备,801078.SI,自动化设备,自动化设备,L,20230728,1071,2.93,78.18,5.935,15.934,True,True,True,0,0,0,0,False,ST
688689.SH,688689,688689,银河微电,科创板,沪市,科创板,801080.SI,电子,801081.SI,半导体,半导体,L,20210127,1983,5.43,68.03,-14.963,22.778,False,True,True,11,11,11,11,False,近60日停牌
688708.SH,688708,688708,佳驰科技,科创板,沪市,科创板,801740.SI,国防军工,801742.SI,航空装备Ⅱ,航空装备Ⅱ,L,20241205,575,1.57,52.6,2.996,13.953,False,True,True,0,0,0,0,False,上市时间不足
688710.SH,688710,688710,益诺思,科创板,沪市,科创板,801150.SI,医药生物,801156.SI,医疗服务,医疗服务,L,20240903,668,1.83,62.67,-3.585,21.384,False,True,True,0,0,0,0,False,上市时间不足
688712.SH,688712,688712,北芯生命,科创板,沪市,科创板,801150.SI,医药生物,801153.SI,医疗器械,医疗器械,L,20260205,148,0.41,38.38,-1.387,11.024,False,True,True,0,0,0,0,False,上市时间不足
688721.SH,688721,688721,龙图光罩,科创板,沪市,科创板,801080.SI,电子,801081.SI,半导体,半导体,L,20240806,696,1.91,56.11,-8.046,12.54,False,True,True,0,0,0,0,False,上市时间不足
688726.SH,688726,688726,拉普拉斯,科创板,沪市,科创板,801730.SI,电力设备,801735.SI,光伏设备,光伏设备,L,20241029,612,1.68,48.22,-0.228,20.69,False,True,True,0,0,0,0,False,上市时间不足
688727.SH,688727,688727,恒坤新材,科创板,沪市,科创板,801080.SI,电子,801081.SI,半导体,半导体,L,20251118,227,0.62,66.23,-5.386,11.236,False,True,True,0,0,0,0,False,上市时间不足
688729.SH,688729,688729,屹唐股份,科创板,沪市,科创板,801080.SI,电子,801081.SI,半导体,半导体,L,20250708,360,0.99,42.63,5.808,8.252,False,True,True,0,0,0,0,False,上市时间不足
688750.SH,688750,688750,金天钛业,科创板,沪市,科创板,801050.SI,有色金属,801054.SI,小金属,小金属,L,20241120,590,1.62,16.6,0.912,13.095,False,True,True,0,0,0,0,False,上市时间不足
688755.SH,688755,688755,汉邦科技,科创板,沪市,科创板,801150.SI,医药生物,801153.SI,医疗器械,医疗器械,L,20250516,413,1.13,28.07,0.0,16.092,False,True,True,0,0,0,0,False,上市时间不足
688757.SH,688757,688757,胜科纳米,科创板,沪市,科创板,801210.SI,社会服务,801218.SI,专业服务,专业服务,L,20250325,465,1.27,57.7,-4.423,18.519,False,True,True,0,0,0,0,False,上市时间不足
688758.SH,688758,688758,赛分科技,科创板,沪市,科创板,801150.SI,医药生物,801151.SI,化学制药,化学制药,L,20250110,539,1.48,21.86,0.367,15.578,False,True,True,0,0,0,0,False,上市时间不足
688759.SH,688759,688759,必贝特,科创板,沪市,科创板,801150.SI,医药生物,801151.SI,化学制药,化学制药,L,20251028,248,0.68,34.5,0.583,12.575,False,True,True,0,0,0,0,False,上市时间不足
688765.SH,688765,688765,禾元生物,科创板,沪市,科创板,801150.SI,医药生物,801152.SI,生物制品,生物制品,L,20251028,248,0.68,52.62,1.192,16.0,False,True,True,0,0,0,0,False,上市时间不足
688775.SH,688775,688775,影石创新,科创板,沪市,科创板,801080.SI,电子,801085.SI,消费电子,消费电子,L,20250611,387,1.06,135.93,1.138,16.393,False,True,True,0,0,0,0,False,上市时间不足
688781.SH,688781,688781,视涯科技,科创板,沪市,科创板,801080.SI,电子,801084.SI,光学光电子,光学光电子,L,20260325,100,0.27,49.9,-3.388,8.494,False,True,True,0,0,0,0,False,上市时间不足
688783.SH,688783,688783,西安奕材,科创板,沪市,科创板,801080.SI,电子,801081.SI,半导体,半导体,L,20251028,248,0.68,53.99,-6.914,15.225,False,True,True,0,0,0,0,False,上市时间不足
688785.SH,688785,688785,恒运昌,科创板,沪市,科创板,801080.SI,电子,801081.SI,半导体,半导体,L,20260128,156,0.43,376.15,-2.929,17.447,False,True,True,0,0,0,0,False,上市时间不足
688790.SH,688790,688790,昂瑞微,科创板,沪市,科创板,801080.SI,电子,801081.SI,半导体,半导体,L,20251216,199,0.54,125.44,-2.933,9.302,False,True,True,0,0,0,0,False,上市时间不足
688795.SH,688795,688795,摩尔线程,科创板,沪市,科创板,801080.SI,电子,801081.SI,半导体,半导体,L,20251205,210,0.57,643.81,0.346,8.92,False,True,True,0,0,0,0,False,上市时间不足
688796.SH,688796,688796,百奥赛图,科创板,沪市,科创板,801150.SI,医药生物,801156.SI,医疗服务,医疗服务,L,20251210,205,0.56,111.16,-2.491,24.664,False,True,True,0,0,0,0,False,上市时间不足
688797.SH,688797,688797,臻宝科技,科创板,沪市,科创板,801080.SI,电子,801081.SI,半导体,半导体,L,20260624,9,0.02,540.1,-19.148,21.963,False,True,True,1,1,1,1,False,上市时间不足、近60日停牌
688802.SH,688802,688802,沐曦股份,科创板,沪市,科创板,801080.SI,电子,801081.SI,半导体,半导体,L,20251217,198,0.54,738.38,1.968,9.779,False,True,True,0,0,0,0,False,上市时间不足
688805.SH,688805,688805,健信超导,科创板,沪市,科创板,801150.SI,医药生物,801153.SI,医疗器械,医疗器械,L,20251224,191,0.52,45.4,-1.923,9.091,False,True,True,0,0,0,0,False,上市时间不足
688807.SH,688807,688807,优迅股份,科创板,沪市,科创板,801080.SI,电子,801081.SI,半导体,半导体,L,20251219,196,0.54,357.8,-4.645,17.167,False,True,True,0,0,0,0,False,上市时间不足
688808.SH,688808,688808,联讯仪器,科创板,沪市,科创板,801890.SI,机械设备,801072.SI,通用设备,通用设备,L,20260424,70,0.19,2270.0,6.573,21.97,False,True,True,0,0,0,0,False,上市时间不足
688809.SH,688809,688809,强一股份,科创板,沪市,科创板,801080.SI,电子,801081.SI,半导体,半导体,L,20251230,185,0.51,511.0,-3.608,19.372,False,True,True,0,0,0,0,False,上市时间不足
688811.SH,688811,688811,有研复材,科创板,沪市,科创板,801050.SI,有色金属,801051.SI,金属新材料,金属新材料,L,20260410,84,0.23,29.3,-7.337,8.71,False,True,True,0,0,0,0,False,上市时间不足
688813.SH,688813,688813,泰金新能,科创板,沪市,科创板,801890.SI,机械设备,801074.SI,专用设备,专用设备,L,20260331,94,0.26,188.42,0.128,17.164,False,True,True,0,0,0,0,False,上市时间不足
688816.SH,688816,688816,易思维,科创板,沪市,科创板,801890.SI,机械设备,801078.SI,自动化设备,自动化设备,L,20260211,142,0.39,58.69,-1.361,10.239,False,True,True,0,0,0,0,False,上市时间不足
688818.SH,688818,688818,电科蓝天,科创板,沪市,科创板,801740.SI,国防军工,801741.SI,航天装备Ⅱ,航天装备Ⅱ,L,20260210,143,0.39,78.7,7.484,10.782,False,True,True,0,0,0,0,False,上市时间不足
688820.SH,688820,688820,盛合晶微,科创板,沪市,科创板,801080.SI,电子,801081.SI,半导体,半导体,L,20260421,73,0.2,172.67,-4.003,11.987,False,True,True,0,0,0,0,False,上市时间不足
920003.BJ,920003,920003,中诚咨询,北交所,北交所,北交所,801720.SI,建筑装饰,801726.SI,工程咨询服务Ⅱ,工程咨询服务Ⅱ,L,20251107,238,0.65,26.8,1.132,12.406,False,True,True,0,0,0,0,False,上市时间不足
920005.BJ,920005,920005,鼎佳精密,北交所,北交所,北交所,801080.SI,电子,801085.SI,消费电子,消费电子,L,20250731,337,0.92,27.25,2.175,10.87,False,True,True,0,0,0,0,False,上市时间不足
920007.BJ,920007,920007,酉立智能,北交所,北交所,北交所,801730.SI,电力设备,801735.SI,光伏设备,光伏设备,L,20250808,329,0.9,37.73,1.698,14.062,False,True,True,0,0,0,0,False,上市时间不足
920008.BJ,920008,920008,成电光信,北交所,北交所,北交所,801740.SI,国防军工,801745.SI,军工电子Ⅱ,军工电子Ⅱ,L,20240829,673,1.84,20.58,3.003,14.286,False,True,True,0,0,0,0,False,上市时间不足
920009.BJ,920009,920009,丹娜生物,北交所,北交所,北交所,801150.SI,医药生物,801153.SI,医疗器械,医疗器械,L,20251103,242,0.66,42.23,6.106,12.214,False,True,True,0,0,0,0,False,上市时间不足
920011.BJ,920011,920011,晨光电机,北交所,北交所,北交所,801730.SI,电力设备,801731.SI,电机Ⅱ,电机Ⅱ,L,20260408,86,0.24,24.01,10.901,12.444,False,True,True,0,0,0,0,False,上市时间不足
920012.BJ,920012,920012,创达新材,北交所,北交所,北交所,801080.SI,电子,801081.SI,半导体,半导体,L,20260413,81,0.22,63.87,-1.435,9.942,False,True,True,0,0,0,0,False,上市时间不足
920015.BJ,920015,920015,锦华新材,北交所,北交所,北交所,801030.SI,基础化工,801034.SI,化学制品,化学制品,L,20250925,281,0.77,56.58,-2.111,7.692,False,True,True,0,0,0,0,False,上市时间不足
920016.BJ,920016,920016,中草香料,北交所,北交所,北交所,801030.SI,基础化工,801034.SI,化学制品,化学制品,L,20240913,658,1.8,12.48,1.546,12.903,False,True,True,0,0,0,0,False,上市时间不足
920018.BJ,920018,920018,宏远股份,北交所,北交所,北交所,801730.SI,电力设备,801738.SI,电网设备,电网设备,L,20250820,317,0.87,15.08,2.168,13.333,False,True,True,0,0,0,0,False,上市时间不足
920019.BJ,920019,920019,铜冠矿建,北交所,北交所,北交所,801720.SI,建筑装饰,801724.SI,专业工程,专业工程,L,20241011,630,1.72,16.57,0.73,18.889,False,True,True,0,0,0,0,False,上市时间不足
920020.BJ,920020,920020,泰凯英,北交所,北交所,北交所,801880.SI,汽车,801093.SI,汽车零部件,汽车零部件,L,20251028,248,0.68,16.3,-1.152,10.458,False,True,True,0,0,0,0,False,上市时间不足
920022.BJ,920022,920022,世昌股份,北交所,北交所,北交所,801880.SI,汽车,801093.SI,汽车零部件,汽车零部件,L,20250919,287,0.79,20.54,2.189,10.553,False,True,True,0,0,0,0,False,上市时间不足
920023.BJ,920023,920023,*ST田野,北交所,北交所,北交所,801010.SI,农林牧渔,801012.SI,农产品加工,农产品加工,L,20230202,1247,3.41,1.73,-0.575,33.333,True,True,True,0,0,2,2,False,ST、近60日停牌
920027.BJ,920027,920027,交大铁发,北交所,北交所,北交所,801890.SI,机械设备,801076.SI,轨交设备Ⅱ,轨交设备Ⅱ,L,20250610,388,1.06,11.15,1.641,11.818,False,True,True,0,0,0,0,False,上市时间不足
920028.BJ,920028,920028,新恒泰,北交所,北交所,北交所,801030.SI,基础化工,801036.SI,塑料,塑料,L,20260320,105,0.29,16.0,-7.139,16.384,False,True,True,0,0,0,0,False,上市时间不足
920029.BJ,920029,920029,开发科技,北交所,北交所,北交所,801730.SI,电力设备,801738.SI,电网设备,电网设备,L,20250328,462,1.26,35.55,0.594,16.854,False,True,True,0,0,0,0,False,上市时间不足
920035.BJ,920035,920035,精创电气,北交所,北交所,北交所,801890.SI,机械设备,801072.SI,通用设备,通用设备,L,20251202,213,0.58,31.21,5.618,10.135,False,True,True,0,0,0,0,False,上市时间不足
920036.BJ,920036,920036,觅睿科技,北交所,北交所,北交所,801750.SI,计算机,801101.SI,计算机设备,计算机设备,L,20260309,116,0.32,37.85,2.547,11.17,False,True,True,0,0,0,0,False,上市时间不足
920037.BJ,920037,920037,广信科技,北交所,北交所,北交所,801730.SI,电力设备,801738.SI,电网设备,电网设备,L,20250626,372,1.02,41.47,-1.496,10.784,False,True,True,0,0,0,0,False,上市时间不足
920045.BJ,920045,920045,蘅东光,北交所,北交所,北交所,801770.SI,通信,801102.SI,通信设备,通信设备,L,20251231,184,0.5,539.0,0.699,24.581,False,True,True,0,0,0,0,False,上市时间不足
920050.BJ,920050,920050,爱伦医疗,北交所,北交所,北交所,801150.SI,医药生物,801153.SI,医疗器械,医疗器械,L,20260121,163,0.45,27.35,1.371,8.824,False,True,True,0,0,0,0,False,上市时间不足
920055.BJ,920055,920055,隆源股份,北交所,北交所,北交所,801880.SI,汽车,801093.SI,汽车零部件,汽车零部件,L,20260331,94,0.26,29.18,3.733,11.565,False,True,True,0,0,0,0,False,上市时间不足
920056.BJ,920056,920056,能之光,北交所,北交所,北交所,801030.SI,基础化工,801036.SI,塑料,塑料,L,20250822,315,0.86,18.12,1.286,17.222,False,True,True,0,0,0,0,False,上市时间不足
920058.BJ,920058,920058,华洋赛车,北交所,北交所,北交所,801880.SI,汽车,801881.SI,摩托车及其他,摩托车及其他,L,20230810,1058,2.9,20.48,1.992,17.5,False,True,True,0,11,11,11,False,近60日停牌
920060.BJ,920060,920060,万源通,北交所,北交所,北交所,801080.SI,电子,801083.SI,元件,元件,L,20241119,591,1.62,26.7,1.753,16.031,False,True,True,0,0,0,0,False,上市时间不足
920066.BJ,920066,920066,科拜尔,北交所,北交所,北交所,801030.SI,基础化工,801036.SI,塑料,塑料,L,20241031,610,1.67,18.27,-2.508,10.053,False,True,True,0,0,0,0,False,上市时间不足
920068.BJ,920068,920068,天工股份,北交所,北交所,北交所,801050.SI,有色金属,801054.SI,小金属,小金属,L,20250513,416,1.14,16.67,0.725,24.39,False,True,True,0,0,0,0,False,上市时间不足
920069.BJ,920069,920069,普昂医疗,北交所,北交所,北交所,801150.SI,医药生物,801153.SI,医疗器械,医疗器械,L,20260327,98,0.27,35.89,2.105,6.761,False,True,True,0,0,0,0,False,上市时间不足
920072.BJ,920072,920072,科莱瑞迪,北交所,北交所,北交所,,,,,未分类,L,20260629,4,0.01,33.96,-4.607,9.915,False,True,True,0,0,0,0,False,上市时间不足
920076.BJ,920076,920076,国亮新材,北交所,北交所,北交所,801710.SI,建筑材料,801713.SI,装修建材,装修建材,L,20260122,162,0.44,12.79,2.896,11.024,False,True,True,0,0,0,0,False,上市时间不足
920078.BJ,920078,920078,族兴新材,北交所,北交所,北交所,801050.SI,有色金属,801051.SI,金属新材料,金属新材料,L,20260318,107,0.29,29.21,1.459,11.186,False,True,True,0,0,0,0,False,上市时间不足
920080.BJ,920080,920080,奥美森,北交所,北交所,北交所,801890.SI,机械设备,801074.SI,专用设备,专用设备,L,20251010,266,0.73,23.69,4.545,9.565,False,True,True,0,0,0,0,False,上市时间不足
920082.BJ,920082,920082,方正阀门,北交所,北交所,北交所,801890.SI,机械设备,801072.SI,通用设备,通用设备,L,20241226,554,1.52,8.12,0.123,16.049,False,True,True,0,0,0,0,False,上市时间不足
920083.BJ,920083,920083,金戈新材,北交所,北交所,北交所,801030.SI,基础化工,801039.SI,非金属材料Ⅱ,非金属材料Ⅱ,L,20260611,22,0.06,47.5,4.189,6.303,False,True,True,0,0,0,0,False,上市时间不足
920086.BJ,920086,920086,科马材料,北交所,北交所,北交所,801880.SI,汽车,801093.SI,汽车零部件,汽车零部件,L,20260116,168,0.46,24.15,2.114,11.618,False,True,True,0,0,0,0,False,上市时间不足
920088.BJ,920088,920088,科力股份,北交所,北交所,北交所,801960.SI,石油石化,801962.SI,油服工程,油服工程,L,20241029,612,1.68,33.8,2.424,8.06,False,True,True,0,0,0,0,False,上市时间不足
920090.BJ,920090,920090,*ST同辉,北交所,北交所,北交所,801750.SI,计算机,801101.SI,计算机设备,计算机设备,L,20210809,1789,4.9,3.61,-8.143,34.286,True,True,True,0,0,2,2,False,ST、近60日停牌
920091.BJ,920091,920091,大鹏工业,北交所,北交所,北交所,801890.SI,机械设备,801074.SI,专用设备,专用设备,L,20251121,224,0.61,40.8,7.652,12.308,False,True,True,0,0,0,0,False,上市时间不足
920096.BJ,920096,920096,嘉晨智能,北交所,北交所,北交所,801890.SI,机械设备,801078.SI,自动化设备,自动化设备,L,20260518,46,0.13,51.62,20.664,12.069,False,True,True,0,1,1,1,False,上市时间不足、近60日停牌
920098.BJ,920098,920098,科隆新材,北交所,北交所,北交所,801030.SI,基础化工,801037.SI,橡胶,橡胶,L,20241205,575,1.57,18.66,1.138,19.149,False,True,True,0,0,0,0,False,上市时间不足
920099.BJ,920099,920099,瑞华技术,北交所,北交所,北交所,801030.SI,基础化工,801034.SI,化学制品,化学制品,L,20240925,646,1.77,22.67,-1.306,16.872,False,True,True,0,0,0,0,False,上市时间不足
920100.BJ,920100,920100,三协电机,北交所,北交所,北交所,801730.SI,电力设备,801731.SI,电机Ⅱ,电机Ⅱ,L,20250908,298,0.82,46.1,12.521,18.14,False,True,True,0,0,0,0,False,上市时间不足
920101.BJ,920101,920101,志高机械,北交所,北交所,北交所,801890.SI,机械设备,801077.SI,工程机械,工程机械,L,20250814,323,0.88,18.0,0.784,14.286,False,True,True,0,0,0,0,False,上市时间不足
920106.BJ,920106,920106,林泰新材,北交所,北交所,北交所,801880.SI,汽车,801093.SI,汽车零部件,汽车零部件,L,20241218,562,1.54,39.19,3.404,12.963,False,True,True,0,0,0,0,False,上市时间不足
920108.BJ,920108,920108,宏海科技,北交所,北交所,北交所,801110.SI,家用电器,801116.SI,家电零部件Ⅱ,家电零部件Ⅱ,L,20250206,512,1.4,9.64,0.942,14.737,False,True,True,0,0,0,0,False,上市时间不足
920111.BJ,920111,920111,聚星科技,北交所,北交所,北交所,801730.SI,电力设备,801738.SI,电网设备,电网设备,L,20241111,599,1.64,36.63,6.949,10.264,False,True,True,0,0,0,0,False,上市时间不足
920112.BJ,920112,920112,巴兰仕,北交所,北交所,北交所,801890.SI,机械设备,801074.SI,专用设备,专用设备,L,20250828,309,0.85,16.18,1.761,14.815,False,True,True,0,0,0,0,False,上市时间不足
920116.BJ,920116,920116,星图测控,北交所,北交所,北交所,801750.SI,计算机,801103.SI,IT服务Ⅱ,IT服务Ⅱ,L,20250102,547,1.5,69.58,5.265,21.26,False,True,True,0,0,0,0,False,上市时间不足
920118.BJ,920118,920118,太湖远大,北交所,北交所,北交所,801730.SI,电力设备,801738.SI,电网设备,电网设备,L,20240822,680,1.86,19.03,0.794,9.474,False,True,True,0,0,0,0,False,上市时间不足
920119.BJ,920119,920119,美德乐,北交所,北交所,北交所,801730.SI,电力设备,801737.SI,电池,电池,L,20260130,154,0.42,52.34,2.227,9.302,False,True,True,0,0,0,0,False,上市时间不足
920121.BJ,920121,920121,江天科技,北交所,北交所,北交所,801140.SI,轻工制造,801141.SI,包装印刷,包装印刷,L,20251225,190,0.52,29.05,1.361,11.644,False,True,True,0,0,0,0,False,上市时间不足
920124.BJ,920124,920124,南特科技,北交所,北交所,北交所,801110.SI,家用电器,801116.SI,家电零部件Ⅱ,家电零部件Ⅱ,L,20251127,218,0.6,13.95,5.124,9.848,False,True,True,0,0,0,0,False,上市时间不足
920125.BJ,920125,920125,鸿仕达,北交所,北交所,北交所,801890.SI,机械设备,801078.SI,自动化设备,自动化设备,L,20260424,70,0.19,188.88,1.712,17.259,False,True,True,0,0,0,0,False,上市时间不足
920126.BJ,920126,920126,永大股份,北交所,北交所,北交所,801890.SI,机械设备,801074.SI,专用设备,专用设备,L,20260615,18,0.05,12.56,3.289,5.691,False,True,True,0,0,0,0,False,上市时间不足
920128.BJ,920128,920128,胜业电气,北交所,北交所,北交所,801080.SI,电子,801083.SI,元件,元件,L,20241129,581,1.59,21.29,2.652,10.329,False,True,True,0,0,0,0,False,上市时间不足
920156.BJ,920156,920156,海昌智能,北交所,北交所,北交所,801890.SI,机械设备,801074.SI,专用设备,专用设备,L,20260427,67,0.18,52.65,4.423,9.127,False,True,True,0,0,0,0,False,上市时间不足
920158.BJ,920158,920158,长江能科,北交所,北交所,北交所,801890.SI,机械设备,801074.SI,专用设备,专用设备,L,20251016,260,0.71,8.34,0.603,10.714,False,True,True,0,0,0,0,False,上市时间不足
920159.BJ,920159,920159,农大科技,北交所,北交所,北交所,801030.SI,基础化工,801038.SI,农化制品,农化制品,L,20260128,156,0.43,28.7,1.845,9.155,False,True,True,0,0,0,0,False,上市时间不足
920160.BJ,920160,920160,北矿检测,北交所,北交所,北交所,801210.SI,社会服务,801218.SI,专业服务,专业服务,L,20251118,227,0.62,20.39,1.041,7.177,False,True,True,0,0,0,0,False,上市时间不足
920161.BJ,920161,920161,龙辰科技,北交所,北交所,北交所,801080.SI,电子,801083.SI,元件,元件,L,20260527,37,0.1,34.28,3.378,4.956,False,True,True,0,0,0,0,False,上市时间不足
920166.BJ,920166,920166,海圣医疗,北交所,北交所,北交所,801150.SI,医药生物,801153.SI,医疗器械,医疗器械,L,20260212,141,0.39,21.72,1.638,10.811,False,True,True,0,0,0,0,False,上市时间不足
920168.BJ,920168,920168,通宝光电,北交所,北交所,北交所,801880.SI,汽车,801093.SI,汽车零部件,汽车零部件,L,20260226,127,0.35,16.51,2.994,9.938,False,True,True,0,0,0,0,False,上市时间不足
920177.BJ,920177,920177,恒道科技,北交所,北交所,北交所,801890.SI,机械设备,801074.SI,专用设备,专用设备,L,20260416,78,0.21,26.55,3.067,10.506,False,True,True,0,0,0,0,False,上市时间不足
920178.BJ,920178,920178,锐翔智能,北交所,北交所,北交所,801890.SI,机械设备,801078.SI,自动化设备,自动化设备,L,20260515,49,0.13,129.21,4.21,21.429,False,True,True,0,0,0,0,False,上市时间不足
920180.BJ,920180,920180,爱得科技,北交所,北交所,北交所,801150.SI,医药生物,801153.SI,医疗器械,医疗器械,L,20260210,143,0.39,12.66,1.28,10.0,False,True,True,0,0,0,0,False,上市时间不足
920181.BJ,920181,920181,赛英电子,北交所,北交所,北交所,801080.SI,电子,801082.SI,其他电子Ⅱ,其他电子Ⅱ,L,20260410,84,0.23,95.34,1.372,14.504,False,True,True,0,0,0,0,False,上市时间不足
920183.BJ,920183,920183,海菲曼,北交所,北交所,北交所,801080.SI,电子,801085.SI,消费电子,消费电子,L,20260304,121,0.33,30.33,3.515,10.738,False,True,True,0,0,0,0,False,上市时间不足
920186.BJ,920186,920186,中科仪,北交所,北交所,北交所,801080.SI,电子,801081.SI,半导体,半导体,L,20260429,65,0.18,100.1,-2.17,16.509,False,True,True,0,0,0,0,False,上市时间不足
920187.BJ,920187,920187,通领科技,北交所,北交所,北交所,801880.SI,汽车,801093.SI,汽车零部件,汽车零部件,L,20260305,120,0.33,21.1,12.834,10.526,False,True,True,0,0,0,0,False,上市时间不足
920188.BJ,920188,920188,悦龙科技,北交所,北交所,北交所,801030.SI,基础化工,801037.SI,橡胶,橡胶,L,20260330,95,0.26,25.85,3.566,11.583,False,True,True,0,0,0,0,False,上市时间不足
920191.BJ,920191,920191,瑞尔竞达,北交所,北交所,北交所,801710.SI,建筑材料,801713.SI,装修建材,装修建材,L,20260420,74,0.2,9.52,1.818,9.574,False,True,True,0,0,0,0,False,上市时间不足
920193.BJ,920193,920193,吉和昌,北交所,北交所,北交所,,,,,未分类,L,20260702,1,0.0,79.36,29.992,11.471,False,True,True,0,0,0,0,False,上市时间不足
920200.BJ,920200,920200,振宏股份,北交所,北交所,北交所,801730.SI,电力设备,801736.SI,风电设备,风电设备,L,20260507,57,0.16,34.45,6.524,13.253,False,True,True,0,0,1,1,False,上市时间不足、近60日停牌
920206.BJ,920206,920206,彩客科技,北交所,北交所,北交所,801030.SI,基础化工,801034.SI,化学制品,化学制品,L,20260608,25,0.07,50.5,0.618,7.874,False,True,True,1,1,1,1,False,上市时间不足、近60日停牌
920211.BJ,920211,920211,新睿电子,北交所,北交所,北交所,801890.SI,机械设备,801078.SI,自动化设备,自动化设备,L,20260605,28,0.08,158.28,29.993,16.37,False,True,True,0,0,0,0,False,上市时间不足
920218.BJ,920218,920218,新天力,北交所,北交所,北交所,801140.SI,轻工制造,801142.SI,家居用品,家居用品,L,20260529,35,0.1,18.87,5.067,5.946,False,True,True,0,0,0,0,False,上市时间不足
920220.BJ,920220,920220,朗信电气,北交所,北交所,北交所,801880.SI,汽车,801093.SI,汽车零部件,汽车零部件,L,20260522,42,0.11,57.98,7.59,15.217,False,True,True,0,0,0,0,False,上市时间不足
920222.BJ,920222,920222,益坤电气,北交所,北交所,北交所,,,,,未分类,L,20260630,3,0.01,31.75,-7.971,5.775,False,True,True,0,0,0,0,False,上市时间不足
920305.BJ,920305,920305,*ST云创,北交所,北交所,北交所,801750.SI,计算机,801103.SI,IT服务Ⅱ,IT服务Ⅱ,L,20210826,1772,4.85,,,,True,True,False,20,40,43,43,False,ST、近60日停牌、无最新行情
920575.BJ,920575,920575,*ST康乐,北交所,北交所,北交所,801150.SI,医药生物,801152.SI,生物制品,生物制品,L,20230315,1206,3.3,3.84,1.319,15.0,True,True,True,0,0,2,2,False,ST、近60日停牌
920675.BJ,920675,920675,秉扬科技,北交所,北交所,北交所,801030.SI,基础化工,801039.SI,非金属材料Ⅱ,非金属材料Ⅱ,L,20201228,2013,5.51,7.76,1.971,16.667,False,True,True,11,11,11,11,False,近60日停牌
